1 0.132928 0.038215 0.049266 0.136651 0.034622 0.110284 0.118284 0.011849
0 0.151618 0.062360 0.080051 0.179265 0.062660 0.156710 0.134227 0.039805
0 0.183846 0.095658 0.122172 0.223951 0.103086 0.204514 0.164760 0.076221
0 0.231306 0.157301 0.156724 0.270143 0.139937 0.246639 0.214518 0.133796
0 0.247378 0.159891 0.228927 0.314149 0.205978 0.308334 0.224429 0.154075
0 0.264930 0.161182 0.254685 0.317049 0.231497 0.313820 0.241742 0.157953
0 0.320187 0.184917 0.277607 0.328709 0.256215 0.315290 0.298795 0.171498
0 0.353063 0.217150 0.290158 0.344170 0.271261 0.324345 0.334166 0.197325
0 0.376449 0.244567 0.309686 0.367345 0.291420 0.346305 0.358183 0.223526
0 0.396964 0.266381 0.333675 0.392997 0.314838 0.373051 0.378127 0.246435
0 0.429145 0.304040 0.358747 0.422439 0.341133 0.400253 0.411531 0.281854
0 0.451803 0.337752 0.374625 0.446834 0.358397 0.422511 0.435575 0.313429
0 0.470829 0.365988 0.394583 0.476448 0.378150 0.452419 0.454396 0.341958
0 0.490181 0.393275 0.415097 0.505408 0.398415 0.481745 0.473499 0.369612
0 0.503646 0.412697 0.427913 0.523903 0.411369 0.500035 0.487102 0.388829
0 0.530102 0.451889 0.453412 0.561697 0.437076 0.537527 0.513766 0.427720
0 0.549089 0.479039 0.474061 0.591253 0.457367 0.567608 0.532395 0.455394
0 0.587746 0.527307 0.519195 0.647979 0.501242 0.626375 0.569794 0.505703
0 0.608389 0.551029 0.541849 0.674064 0.523546 0.653094 0.590085 0.530059
0 0.629881 0.575029 0.564123 0.698951 0.545687 0.678227 0.611445 0.554305
0 0.644896 0.592453 0.577851 0.714905 0.559634 0.693775 0.626679 0.571323
0 0.674205 0.628204 0.604899 0.747961 0.587083 0.726119 0.656389 0.606362
0 0.701369 0.660233 0.634891 0.783337 0.616576 0.762386 0.683055 0.639282
0 0.730859 0.692862 0.663980 0.815507 0.645734 0.794430 0.712613 0.671785
0 0.762212 0.737644 0.684967 0.846625 0.668754 0.822280 0.745999 0.713300
0 0.787704 0.776432 0.710852 0.885999 0.694552 0.861779 0.771404 0.752212
0 0.806339 0.802118 0.732473 0.915952 0.715538 0.892672 0.789404 0.778838
0 0.826051 0.828054 0.753793 0.944055 0.736536 0.921283 0.808793 0.805282
0 0.858383 0.867713 0.791831 0.990734 0.773529 0.969759 0.840081 0.846739
0 0.882331 0.886758 0.831938 1.000000 0.811358 1.000000 0.861751 0.870877
0 0.904554 0.900899 0.860682 1.000000 0.839413 1.000000 0.883285 0.887073
2 0.926635 0.914312 0.885133 1.000000 0.863642 1.000000 0.905144 0.901232
