1 0.255611 0.194032 0.237097 0.221555 0.226784 0.214618 0.245298 0.187095
0 0.267781 0.198604 0.245685 0.231098 0.235407 0.224109 0.257503 0.191615
0 0.280744 0.203803 0.254998 0.241219 0.244759 0.234174 0.270505 0.196758
0 0.286757 0.218902 0.271041 0.241471 0.260841 0.234369 0.276557 0.211800
0 0.298456 0.225618 0.281177 0.250137 0.271017 0.242977 0.288297 0.218458
0 0.309954 0.232504 0.291294 0.258664 0.281176 0.251446 0.299836 0.225286
0 0.321277 0.239519 0.301366 0.267092 0.291290 0.259816 0.311200 0.232243
0 0.332439 0.246638 0.311379 0.275447 0.301345 0.268112 0.322405 0.239303
0 0.344260 0.254447 0.322115 0.284337 0.312128 0.276938 0.334273 0.247048
0 0.355121 0.261731 0.331970 0.292590 0.322028 0.285131 0.345179 0.254273
0 0.365844 0.269084 0.341743 0.300806 0.331847 0.293287 0.355947 0.261565
0 0.377216 0.277105 0.352198 0.309585 0.342351 0.302001 0.367369 0.269521
0 0.387664 0.284578 0.361787 0.317744 0.351988 0.310098 0.377865 0.276933
0 0.398749 0.292714 0.372035 0.326477 0.362289 0.318765 0.389003 0.285002
0 0.409689 0.300904 0.382173 0.335192 0.372479 0.327413 0.399996 0.293125
0 0.420485 0.309144 0.392199 0.343892 0.382560 0.336046 0.410846 0.301297
0 0.431138 0.317433 0.402112 0.352579 0.392529 0.344665 0.421554 0.309518
0 0.441648 0.325768 0.411911 0.361254 0.402385 0.353272 0.432122 0.317786
0 0.452016 0.334150 0.421597 0.369920 0.412129 0.361868 0.442548 0.326098
0 0.462243 0.342575 0.431168 0.378577 0.421760 0.370456 0.452835 0.334454
0 0.472329 0.351044 0.440625 0.387226 0.431277 0.379035 0.462981 0.342853
0 0.482968 0.360176 0.450641 0.396473 0.441359 0.388207 0.473687 0.351910
0 0.492763 0.368730 0.459858 0.405111 0.450640 0.396774 0.483545 0.360393
0 0.503092 0.377949 0.469615 0.414350 0.460467 0.405937 0.493944 0.369536
0 0.513262 0.387212 0.479237 0.423587 0.470161 0.415097 0.504185 0.378722
0 0.522616 0.395888 0.488091 0.432214 0.479082 0.423652 0.513606 0.387326
0 0.532475 0.405233 0.497456 0.441447 0.488521 0.432807 0.523540 0.396593
0 0.542174 0.414619 0.506686 0.450679 0.497828 0.441962 0.533316 0.405901
0 0.552340 0.424680 0.516389 0.460524 0.507613 0.451722 0.543565 0.415878
0 0.561709 0.434148 0.525343 0.469758 0.516647 0.460877 0.553013 0.425268
0 0.570916 0.443657 0.534164 0.478992 0.525550 0.470033 0.562302 0.434698
0 0.579961 0.453205 0.542852 0.488228 0.534321 0.479189 0.571431 0.444166
0 0.589432 0.463433 0.551974 0.498081 0.543534 0.488957 0.580993 0.454309
0 0.598720 0.473702 0.560943 0.507939 0.552597 0.498730 0.590374 0.464492
0 0.607259 0.483369 0.569217 0.517182 0.560960 0.507893 0.599001 0.474079
0 0.616190 0.493719 0.577895 0.527048 0.569735 0.517673 0.608030 0.484344
0 0.624936 0.504110 0.586423 0.536920 0.578363 0.527458 0.616876 0.494649
0 0.633497 0.514541 0.594801 0.546796 0.586843 0.537249 0.625539 0.504994
0 0.642397 0.525662 0.603533 0.557302 0.595686 0.547664 0.634549 0.516023
0 0.650574 0.536174 0.611604 0.567193 0.603864 0.557468 0.642834 0.526450
0 0.658564 0.546725 0.619528 0.577089 0.611897 0.567279 0.650933 0.536915
0 0.666856 0.557970 0.627777 0.587620 0.620265 0.577719 0.659344 0.548069
0 0.674456 0.568600 0.635400 0.597533 0.628002 0.587546 0.667058 0.558613
0 0.682335 0.579926 0.643328 0.608082 0.636054 0.598005 0.675061 0.569848
0 0.690000 0.591293 0.651093 0.618643 0.643945 0.608475 0.682853 0.581125
0 0.697449 0.602700 0.658695 0.629214 0.651677 0.618956 0.690431 0.592442
0 0.704680 0.614147 0.666136 0.639797 0.659251 0.629449 0.697795 0.603800
0 0.711692 0.625634 0.673419 0.650391 0.666668 0.639955 0.704942 0.615198
0 0.718483 0.637159 0.680544 0.660997 0.673932 0.650473 0.711871 0.626636
0 0.725451 0.649392 0.687899 0.672254 0.681436 0.661637 0.718988 0.638776
0 0.731780 0.660996 0.694707 0.682886 0.688388 0.672183 0.725461 0.650294
0 0.738257 0.673310 0.701728 0.694172 0.695564 0.683379 0.732093 0.662517
0 0.744477 0.685664 0.708583 0.705474 0.702577 0.694592 0.738472 0.674783
0 0.750082 0.697386 0.714936 0.716146 0.709084 0.705181 0.744229 0.686422
0 0.755784 0.709822 0.721484 0.727477 0.715796 0.716426 0.750096 0.698771
0 0.761211 0.722299 0.727883 0.738822 0.722362 0.727687 0.755690 0.711164
0 0.766353 0.734820 0.734142 0.750181 0.728792 0.738962 0.761003 0.723601
0 0.771502 0.748064 0.740569 0.762203 0.735403 0.750899 0.766335 0.736760
0 0.776016 0.760680 0.746586 0.773581 0.741596 0.762198 0.771025 0.749297
0 0.780183 0.773350 0.752526 0.784961 0.747715 0.773501 0.775373 0.761890
0 0.784225 0.786769 0.758693 0.796989 0.754075 0.785450 0.779606 0.775230
0 0.796577 0.796133 0.755578 0.811789 0.751144 0.800178 0.792143 0.784522
0 0.798234 0.810396 0.763211 0.823093 0.758975 0.811408 0.793998 0.798712
2 0.799381 0.823900 0.770430 0.833868 0.766384 0.822116 0.795335 0.812148
