1 0.174535 0.320911 0.146025 0.338349 0.133928 0.318571 0.162438 0.301133
0 0.190398 0.338800 0.157662 0.361064 0.144624 0.341893 0.177360 0.319629
0 0.207705 0.356302 0.171457 0.384231 0.157306 0.365865 0.193555 0.337936
0 0.218571 0.377459 0.193013 0.400014 0.177672 0.382631 0.203230 0.360076
0 0.236716 0.392997 0.210935 0.419648 0.194271 0.403529 0.220052 0.376877
0 0.256099 0.407069 0.231264 0.437899 0.213208 0.423355 0.238044 0.392525
0 0.275675 0.418705 0.252672 0.453524 0.233328 0.440745 0.256331 0.405925
0 0.296627 0.428717 0.276281 0.467255 0.255779 0.456431 0.276125 0.417892
0 0.318601 0.436968 0.301267 0.478688 0.279857 0.469793 0.297191 0.428073
0 0.340766 0.443524 0.326156 0.487730 0.304143 0.480454 0.318752 0.436249
0 0.363916 0.449158 0.351419 0.495233 0.329043 0.489163 0.341540 0.443088
0 0.388275 0.454435 0.376942 0.501840 0.354393 0.496450 0.365726 0.449045
0 0.412193 0.459570 0.400874 0.507833 0.378302 0.502540 0.389621 0.454276
0 0.437467 0.465601 0.425030 0.514281 0.402567 0.508542 0.415004 0.459862
0 0.462845 0.472835 0.448254 0.521452 0.426048 0.514787 0.440639 0.466170
0 0.487542 0.481505 0.470060 0.529547 0.448273 0.521619 0.465756 0.473576
0 0.512696 0.492456 0.491716 0.539317 0.470555 0.529843 0.491536 0.482982
0 0.536149 0.504972 0.511649 0.550175 0.491266 0.539127 0.515766 0.493924
0 0.559080 0.519702 0.531138 0.562776 0.511687 0.550158 0.539629 0.507084
0 0.580709 0.536146 0.549718 0.576807 0.531278 0.562753 0.562270 0.522092
0 0.600973 0.554053 0.567447 0.592165 0.550039 0.576852 0.583565 0.538740
0 0.619842 0.573119 0.584338 0.608671 0.567933 0.592288 0.603436 0.556736
0 0.637306 0.593012 0.600374 0.626079 0.584908 0.608806 0.621841 0.575739
0 0.653363 0.613375 0.615514 0.644086 0.600906 0.626082 0.638755 0.595372
0 0.668694 0.634799 0.630345 0.663232 0.616537 0.644607 0.654886 0.616175
0 0.683299 0.657142 0.644846 0.683390 0.631775 0.664241 0.670228 0.637993
0 0.696483 0.679130 0.658345 0.703349 0.645917 0.683777 0.684055 0.659559
0 0.708922 0.701565 0.671460 0.723831 0.659614 0.703901 0.697076 0.681635
0 0.720598 0.724279 0.684177 0.744653 0.672858 0.724420 0.709279 0.704045
0 0.732184 0.748455 0.697169 0.766928 0.686351 0.746422 0.721366 0.727949
0 0.742250 0.771293 0.709105 0.787917 0.698711 0.767193 0.731856 0.750569
0 0.752133 0.795411 0.721373 0.810098 0.711383 0.789177 0.742143 0.774489
0 0.767316 0.816432 0.727092 0.834796 0.717464 0.813706 0.757687 0.795342
0 0.774206 0.840456 0.739830 0.855523 0.730523 0.834288 0.764900 0.819221
2 0.781105 0.865408 0.752675 0.877382 0.743676 0.856015 0.772107 0.844041
