1 0.257647 0.302909 0.234748 0.312197 0.227499 0.294326 0.250398 0.285038
0 0.267385 0.320149 0.240411 0.331520 0.232919 0.313750 0.259894 0.302379
0 0.278393 0.339487 0.247445 0.353163 0.239650 0.335523 0.270598 0.321847
0 0.282103 0.359138 0.260240 0.369245 0.252148 0.351740 0.274011 0.341633
0 0.292493 0.378048 0.268928 0.389554 0.260466 0.372224 0.284032 0.360718
0 0.302606 0.395681 0.277706 0.408553 0.268850 0.391421 0.293750 0.378549
0 0.313131 0.413210 0.287217 0.427491 0.277909 0.410601 0.303822 0.396320
0 0.324062 0.430383 0.297432 0.446152 0.287606 0.429559 0.314235 0.413789
0 0.335381 0.446953 0.308331 0.464318 0.297913 0.448089 0.324962 0.430724
0 0.347058 0.462678 0.319903 0.481773 0.308810 0.465997 0.335966 0.446903
0 0.359662 0.478060 0.332806 0.499111 0.320909 0.483933 0.347764 0.462882
0 0.373095 0.492557 0.347035 0.515821 0.334192 0.501435 0.360252 0.478170
0 0.387239 0.505652 0.362591 0.531393 0.348662 0.518055 0.373310 0.492314
0 0.402494 0.517271 0.380127 0.545791 0.364952 0.533890 0.387319 0.505370
0 0.418621 0.526734 0.399595 0.558184 0.383095 0.548201 0.402121 0.516752
0 0.435399 0.533591 0.420843 0.567800 0.403097 0.560250 0.417653 0.526040
0 0.452734 0.537701 0.443526 0.574064 0.424831 0.569330 0.434039 0.532966
0 0.470778 0.539216 0.467116 0.576798 0.447922 0.574927 0.451584 0.537345
0 0.489448 0.538512 0.490504 0.576422 0.471227 0.576959 0.470170 0.539049
0 0.508686 0.536259 0.512874 0.574034 0.493707 0.576159 0.489519 0.538384
0 0.528770 0.533302 0.534160 0.570925 0.515070 0.573660 0.509680 0.536037
0 0.549896 0.530755 0.554267 0.568426 0.535110 0.570649 0.530740 0.532977
0 0.572225 0.530128 0.572953 0.567881 0.553672 0.568253 0.552943 0.530500
0 0.596215 0.533545 0.590213 0.570573 0.571176 0.567487 0.577179 0.530459
0 0.620093 0.543093 0.605364 0.577228 0.587657 0.569588 0.602387 0.535452
0 0.640678 0.558129 0.618447 0.587401 0.603089 0.575737 0.625320 0.546465
0 0.656975 0.576015 0.630083 0.600316 0.617153 0.586007 0.644045 0.561707
0 0.670126 0.595372 0.640743 0.615541 0.629829 0.599642 0.659211 0.579472
0 0.680682 0.614816 0.650190 0.631863 0.640779 0.615030 0.671271 0.597983
0 0.689735 0.634759 0.658895 0.649361 0.650642 0.631931 0.681482 0.617329
0 0.697799 0.655454 0.667097 0.668078 0.659763 0.650242 0.690465 0.637618
0 0.704555 0.675349 0.674378 0.686419 0.667736 0.668313 0.697914 0.657244
0 0.710800 0.696033 0.681420 0.705761 0.675359 0.687453 0.704738 0.677726
0 0.716541 0.717306 0.688216 0.725859 0.682641 0.707397 0.710966 0.698844
0 0.721401 0.737565 0.694404 0.745106 0.689216 0.726532 0.716213 0.718991
0 0.725743 0.757786 0.700365 0.764396 0.695504 0.745734 0.720882 0.739123
0 0.729901 0.779314 0.706499 0.785012 0.701937 0.766274 0.725339 0.760576
0 0.738537 0.797637 0.706676 0.804972 0.702349 0.786179 0.734210 0.778844
0 0.740936 0.820256 0.713815 0.826143 0.709724 0.807296 0.736845 0.801410
2 0.742576 0.840380 0.720239 0.844999 0.716333 0.826114 0.738671 0.821494
