1 0.245787 0.147639 0.216845 0.155651 0.210994 0.134518 0.239936 0.126506
0 0.255657 0.169001 0.221846 0.180064 0.215027 0.159224 0.248838 0.148161
0 0.266439 0.189685 0.227995 0.204273 0.220216 0.183771 0.258660 0.169184
0 0.270621 0.212228 0.242227 0.224497 0.233529 0.204368 0.261923 0.192099
0 0.282024 0.232561 0.251796 0.247323 0.242173 0.227619 0.272401 0.212857
0 0.294168 0.252470 0.262666 0.269698 0.252144 0.250459 0.283647 0.233231
0 0.306749 0.271400 0.274391 0.291008 0.263027 0.272254 0.295385 0.252646
0 0.320107 0.289953 0.287257 0.311878 0.275084 0.293639 0.307935 0.271714
0 0.334268 0.308142 0.301236 0.332299 0.288291 0.314599 0.321323 0.290442
0 0.348811 0.325446 0.315832 0.351695 0.302177 0.334538 0.335155 0.308289
0 0.364605 0.342949 0.331943 0.371211 0.317594 0.354629 0.350257 0.326367
0 0.380268 0.359103 0.348052 0.389169 0.333091 0.373138 0.365307 0.343072
0 0.396693 0.374974 0.365091 0.406705 0.349554 0.391231 0.381156 0.359500
0 0.413890 0.390569 0.383049 0.423814 0.366973 0.408901 0.397815 0.375656
0 0.431302 0.405416 0.401307 0.439985 0.384745 0.425614 0.414739 0.391045
0 0.449455 0.420017 0.420413 0.455748 0.403397 0.441916 0.432439 0.406186
0 0.467739 0.433916 0.439700 0.470613 0.422276 0.457300 0.450315 0.420603
0 0.486731 0.447595 0.459769 0.485091 0.441966 0.472289 0.468928 0.434793
0 0.505769 0.460615 0.479910 0.498713 0.461766 0.486398 0.487625 0.448300
0 0.525478 0.473439 0.500773 0.511966 0.482314 0.500130 0.507018 0.461602
0 0.545145 0.485644 0.521604 0.524403 0.502862 0.513020 0.526403 0.474261
0 0.564705 0.497259 0.542331 0.536052 0.523336 0.525097 0.545709 0.486303
0 0.584855 0.508721 0.563680 0.547367 0.544449 0.536830 0.565624 0.498184
0 0.605598 0.520033 0.585649 0.558342 0.566200 0.548215 0.586149 0.509905
0 0.626128 0.530809 0.607399 0.568569 0.587755 0.558825 0.606483 0.521066
0 0.647208 0.541464 0.629725 0.578464 0.609899 0.569096 0.627382 0.532095
0 0.667987 0.551630 0.651747 0.587631 0.631759 0.578615 0.647999 0.542614
0 0.689273 0.561714 0.674306 0.596464 0.654167 0.587790 0.669133 0.553040
0 0.711062 0.571735 0.697406 0.604942 0.677126 0.596602 0.690782 0.563395
0 0.732430 0.581369 0.720115 0.612673 0.699709 0.604646 0.712024 0.573341
0 0.754240 0.591037 0.743346 0.619986 0.722823 0.612263 0.733717 0.583314
0 0.777567 0.594779 0.764088 0.632156 0.743461 0.624717 0.756939 0.587340
0 0.798813 0.605308 0.787798 0.637185 0.767072 0.630023 0.778087 0.598146
2 0.820582 0.615691 0.811870 0.642006 0.791053 0.635115 0.799765 0.608799
