1 0.354587 0.164966 0.345011 0.189615 0.336273 0.186220 0.345848 0.161572
0 0.364347 0.166254 0.352676 0.195323 0.343976 0.191830 0.355647 0.162760
0 0.374638 0.167885 0.360733 0.201315 0.352077 0.197715 0.365982 0.164284
0 0.381323 0.177733 0.372063 0.199224 0.363453 0.195514 0.372714 0.174023
0 0.390735 0.180775 0.380335 0.204070 0.371774 0.200248 0.382174 0.176954
0 0.400527 0.184315 0.389039 0.209092 0.380534 0.205149 0.392022 0.180372
0 0.409536 0.187769 0.397027 0.213803 0.388577 0.209743 0.401085 0.183709
0 0.418924 0.191668 0.405402 0.218760 0.397014 0.214573 0.410536 0.187481
0 0.428113 0.195723 0.413598 0.223712 0.405275 0.219396 0.419790 0.191407
0 0.437105 0.199922 0.421612 0.228671 0.413359 0.224223 0.428852 0.195474
0 0.446430 0.204561 0.429940 0.233928 0.421765 0.229338 0.438255 0.199971
0 0.455021 0.209036 0.437572 0.238924 0.429476 0.234197 0.446925 0.204309
0 0.463924 0.213952 0.445491 0.244236 0.437483 0.239361 0.455916 0.209077
0 0.472610 0.219004 0.453198 0.249582 0.445283 0.244557 0.464696 0.213979
0 0.481560 0.224515 0.461139 0.255266 0.453329 0.250080 0.473750 0.219329
0 0.489798 0.229839 0.468411 0.260692 0.460706 0.255350 0.482094 0.224498
0 0.498274 0.235631 0.475890 0.266467 0.468303 0.260960 0.490687 0.230123
0 0.506946 0.241907 0.483536 0.272606 0.476081 0.266921 0.499492 0.236222
0 0.514917 0.247986 0.490530 0.278485 0.483208 0.272630 0.507595 0.242131
0 0.523055 0.254561 0.497665 0.284739 0.490491 0.278703 0.515881 0.248525
0 0.530514 0.260922 0.504178 0.290725 0.497153 0.284517 0.523489 0.254714
0 0.538497 0.268160 0.511155 0.297427 0.504305 0.291027 0.531647 0.261760
0 0.545797 0.275183 0.517515 0.303864 0.510840 0.297281 0.539122 0.268601
0 0.553171 0.282737 0.523939 0.310704 0.517458 0.303930 0.546690 0.275963
0 0.560229 0.290450 0.530082 0.317617 0.523806 0.310653 0.553953 0.283486
0 0.566967 0.298320 0.535949 0.324603 0.529888 0.317451 0.560906 0.291167
0 0.573383 0.306344 0.541541 0.331665 0.535706 0.324327 0.567548 0.299006
0 0.579770 0.314932 0.547122 0.339163 0.541535 0.331634 0.574183 0.307404
0 0.585515 0.323264 0.552164 0.346384 0.546823 0.338680 0.580174 0.315560
0 0.591194 0.332168 0.557171 0.354057 0.552099 0.346173 0.586122 0.324283
0 0.596505 0.341226 0.561890 0.361824 0.557096 0.353767 0.591711 0.333170
0 0.601446 0.350435 0.566325 0.369688 0.561818 0.361468 0.596939 0.342215
0 0.606228 0.360236 0.570663 0.378040 0.566467 0.369656 0.602031 0.351853
0 0.610403 0.369739 0.574525 0.386117 0.570632 0.377588 0.606509 0.361211
0 0.614199 0.379377 0.578114 0.394304 0.574530 0.385641 0.610615 0.370714
0 0.617779 0.389609 0.581573 0.403010 0.578318 0.394218 0.614524 0.380817
0 0.620796 0.399507 0.584609 0.411439 0.581673 0.402536 0.617860 0.390604
0 0.623430 0.409524 0.587380 0.419995 0.584765 0.410992 0.620815 0.400521
0 0.625680 0.419653 0.589888 0.428682 0.587595 0.419592 0.623387 0.410563
0 0.627545 0.429890 0.592136 0.437506 0.590164 0.428341 0.625574 0.420724
0 0.629024 0.440229 0.594125 0.446472 0.592474 0.437244 0.627373 0.431000
0 0.630115 0.450665 0.595858 0.455586 0.594525 0.446306 0.628782 0.441385
0 0.630818 0.461193 0.597337 0.464853 0.596318 0.455533 0.629799 0.451873
0 0.631099 0.471302 0.598538 0.473823 0.597815 0.464476 0.630375 0.461955
0 0.631033 0.481995 0.599535 0.483405 0.599116 0.474039 0.630614 0.472629
0 0.630568 0.492251 0.600292 0.492687 0.600157 0.483313 0.630433 0.482877
0 0.629726 0.502570 0.600846 0.502130 0.600989 0.492756 0.629869 0.493196
0 0.628524 0.512424 0.601239 0.511258 0.601639 0.501891 0.628925 0.503058
0 0.626897 0.522846 0.601450 0.521037 0.602115 0.511686 0.627561 0.513494
0 0.624878 0.532775 0.601587 0.530507 0.602496 0.521176 0.625787 0.523445
0 0.629394 0.543581 0.594669 0.539306 0.595815 0.530001 0.630539 0.534277
0 0.625344 0.552984 0.595962 0.548664 0.597326 0.539389 0.626707 0.543709
2 0.620972 0.562892 0.596915 0.558760 0.598502 0.549520 0.622559 0.553652
