1 0.660376 0.809211 0.664093 0.783863 0.682690 0.786590 0.678974 0.811938
0 0.640322 0.807772 0.646083 0.777975 0.664537 0.781543 0.658777 0.811340
0 0.619301 0.805119 0.627646 0.771047 0.645903 0.775518 0.637558 0.809590
0 0.601210 0.793301 0.607692 0.771575 0.625704 0.776949 0.619222 0.798674
0 0.580798 0.787157 0.589124 0.763886 0.606822 0.770218 0.598495 0.793489
0 0.561193 0.779926 0.571446 0.755534 0.588774 0.762818 0.578521 0.787210
0 0.542425 0.771695 0.554670 0.746533 0.571571 0.754758 0.559327 0.779920
0 0.523453 0.761900 0.537824 0.736326 0.554210 0.745534 0.539840 0.771108
0 0.505490 0.751144 0.522016 0.725454 0.537824 0.735623 0.521298 0.761314
0 0.488564 0.739497 0.507256 0.713969 0.522422 0.725074 0.503729 0.750602
0 0.471820 0.726247 0.492758 0.701220 0.507175 0.713281 0.486237 0.738308
0 0.456298 0.712159 0.479447 0.687901 0.493045 0.700878 0.469897 0.725136
0 0.441284 0.696450 0.466669 0.673312 0.479331 0.687204 0.453945 0.710342
0 0.427685 0.679988 0.455218 0.658234 0.466871 0.672982 0.439338 0.694737
0 0.414939 0.661937 0.444580 0.641927 0.455097 0.657505 0.425457 0.677516
0 0.404314 0.644217 0.435840 0.626080 0.445213 0.642373 0.413687 0.660509
0 0.394735 0.625045 0.428043 0.609127 0.436148 0.626086 0.402840 0.642004
0 0.386457 0.604463 0.421395 0.591108 0.428106 0.608666 0.393168 0.622020
0 0.379999 0.583545 0.416320 0.572954 0.421582 0.590999 0.385261 0.601590
0 0.375363 0.562414 0.412797 0.554756 0.416564 0.573171 0.379130 0.580829
0 0.372544 0.541192 0.410803 0.536604 0.413041 0.555267 0.374782 0.559855
0 0.371536 0.518994 0.410320 0.517734 0.410930 0.536521 0.372147 0.537781
0 0.372490 0.496970 0.411456 0.499107 0.410426 0.517875 0.371461 0.515738
0 0.375202 0.476233 0.414022 0.481641 0.411429 0.500257 0.372608 0.494849
0 0.380165 0.453984 0.418444 0.462958 0.414154 0.481258 0.375875 0.472284
0 0.386809 0.433290 0.424220 0.445617 0.418338 0.463470 0.380926 0.451142
0 0.395259 0.413301 0.431462 0.428883 0.424032 0.446148 0.387828 0.430567
0 0.405458 0.394144 0.440128 0.412839 0.431207 0.429384 0.396536 0.410688
0 0.417341 0.375939 0.450172 0.397570 0.439831 0.413266 0.406999 0.391635
0 0.431485 0.358051 0.462099 0.382526 0.450362 0.397207 0.419748 0.372733
0 0.445869 0.342853 0.474209 0.369682 0.461287 0.383332 0.432947 0.356503
0 0.462354 0.328192 0.488102 0.357223 0.474039 0.369695 0.448292 0.340664
0 0.480204 0.314925 0.503174 0.345862 0.488083 0.357067 0.465112 0.326130
0 0.498433 0.303656 0.518607 0.336105 0.502645 0.346030 0.482470 0.313581
0 0.517734 0.293828 0.535015 0.327485 0.518293 0.336070 0.501013 0.302414
0 0.538019 0.285518 0.552343 0.320069 0.534980 0.327268 0.520655 0.292716
0 0.559194 0.278794 0.570538 0.313925 0.552650 0.319701 0.541307 0.284570
0 0.580105 0.273942 0.588614 0.309304 0.570339 0.313701 0.561831 0.278340
0 0.600564 0.270791 0.606416 0.306072 0.587873 0.309147 0.582020 0.273866
0 0.622632 0.269025 0.625770 0.303975 0.607049 0.305656 0.603911 0.270706
0 0.644027 0.268898 0.644686 0.303240 0.625893 0.303600 0.625234 0.269259
0 0.665759 0.270305 0.664067 0.303793 0.645295 0.302845 0.646987 0.269357
0 0.686582 0.273111 0.682813 0.305523 0.664142 0.303352 0.667912 0.270939
0 0.707561 0.277358 0.701885 0.308485 0.683393 0.305113 0.689069 0.273986
0 0.727444 0.282749 0.720162 0.312415 0.701907 0.307934 0.709190 0.278268
0 0.747332 0.289479 0.738652 0.317500 0.720697 0.311938 0.729378 0.283917
0 0.767158 0.297571 0.757316 0.323766 0.739721 0.317156 0.749563 0.290960
0 0.785677 0.306498 0.775026 0.330719 0.757820 0.323153 0.768471 0.298932
0 0.804001 0.316689 0.792839 0.338740 0.776069 0.330251 0.787231 0.308200
0 0.822050 0.328179 0.810740 0.347829 0.794449 0.338453 0.805759 0.318803
0 0.842291 0.334490 0.823944 0.362991 0.808139 0.352817 0.826486 0.324316
0 0.858046 0.348846 0.841302 0.372245 0.826016 0.361306 0.842760 0.337908
2 0.872249 0.363243 0.857629 0.381831 0.842855 0.370211 0.857475 0.351623
