1 0.192779 0.369171 0.166541 0.383806 0.151913 0.357582 0.178152 0.342946
0 0.212311 0.393668 0.182696 0.413407 0.166041 0.388421 0.195656 0.368681
0 0.234347 0.415927 0.202797 0.442325 0.183528 0.419294 0.215078 0.392897
0 0.254258 0.438709 0.231743 0.463976 0.209324 0.443999 0.231839 0.418732
0 0.280268 0.452779 0.261329 0.484214 0.235608 0.468718 0.254548 0.437283
0 0.308177 0.461064 0.295477 0.497967 0.267083 0.488196 0.279784 0.451292
0 0.337090 0.463942 0.331412 0.504488 0.301674 0.500323 0.307352 0.459777
0 0.367092 0.462906 0.367219 0.505414 0.337191 0.505504 0.337064 0.462996
0 0.398375 0.459412 0.402232 0.503011 0.372321 0.505657 0.368464 0.462058
0 0.429856 0.454945 0.435335 0.499362 0.405533 0.503038 0.400054 0.458621
0 0.462655 0.450595 0.467992 0.495759 0.438171 0.499283 0.432834 0.454119
0 0.496659 0.447510 0.500269 0.493323 0.470333 0.495681 0.466724 0.449868
0 0.530940 0.446763 0.531503 0.492952 0.501477 0.493317 0.500914 0.447129
0 0.565964 0.449198 0.562391 0.495252 0.532453 0.492929 0.536026 0.446875
0 0.600626 0.455384 0.592317 0.500582 0.562784 0.495153 0.571093 0.449955
0 0.634547 0.465552 0.621405 0.509090 0.592658 0.500412 0.605799 0.456874
0 0.667403 0.479668 0.649805 0.520816 0.622196 0.509008 0.639794 0.467860
0 0.698106 0.496979 0.676883 0.535260 0.650621 0.520700 0.671843 0.482419
0 0.726486 0.516789 0.702618 0.551964 0.677770 0.535103 0.701639 0.499929
0 0.753324 0.539099 0.727719 0.571045 0.704288 0.552265 0.729893 0.520319
0 0.777665 0.562591 0.751283 0.591352 0.729155 0.571053 0.755537 0.542293
0 0.800320 0.587449 0.774007 0.613033 0.753074 0.591503 0.779387 0.565920
0 0.822119 0.614291 0.796692 0.636626 0.776875 0.614065 0.802302 0.591731
0 0.845730 0.638804 0.814768 0.663732 0.795936 0.640342 0.826899 0.615414
0 0.863122 0.667034 0.836092 0.687229 0.818119 0.663173 0.845150 0.642978
2 0.879707 0.695958 0.856970 0.711838 0.839777 0.687219 0.862513 0.671340
