1 0.230882 0.470284 0.253192 0.473056 0.251747 0.484687 0.229437 0.481916
0 0.230725 0.457584 0.257047 0.461635 0.255264 0.473220 0.228942 0.469169
0 0.231098 0.444091 0.261361 0.449719 0.259218 0.461242 0.228955 0.455614
0 0.239639 0.432339 0.258260 0.436408 0.255758 0.447859 0.237137 0.443789
0 0.241753 0.420272 0.261921 0.425306 0.259083 0.436678 0.238915 0.431644
0 0.244561 0.407580 0.265981 0.413649 0.262786 0.424926 0.241366 0.418858
0 0.247837 0.395069 0.270289 0.402203 0.266739 0.413374 0.244287 0.406240
0 0.251555 0.382747 0.274858 0.390974 0.270956 0.402026 0.247654 0.393800
0 0.255998 0.369886 0.279978 0.379274 0.275705 0.390188 0.251725 0.380800
0 0.260569 0.357987 0.285104 0.368507 0.280485 0.379279 0.255950 0.368759
0 0.265533 0.346306 0.290500 0.357971 0.285539 0.368590 0.260571 0.356926
0 0.271246 0.334157 0.296504 0.347024 0.291184 0.357468 0.265925 0.344601
0 0.276983 0.322958 0.302449 0.336980 0.296796 0.347248 0.271329 0.333225
0 0.283490 0.311339 0.309033 0.326567 0.303031 0.336635 0.277488 0.321407
0 0.290388 0.300009 0.315907 0.316436 0.309562 0.326292 0.284043 0.309865
0 0.297214 0.289609 0.322649 0.307174 0.315989 0.316819 0.290554 0.299254
0 0.304840 0.278868 0.330068 0.297606 0.323079 0.307016 0.297851 0.288277
0 0.312825 0.268444 0.337757 0.288336 0.330447 0.297498 0.305515 0.277606
0 0.321158 0.258347 0.345710 0.279369 0.338087 0.288272 0.313535 0.267250
0 0.329827 0.248585 0.353920 0.270709 0.345993 0.279342 0.321899 0.257219
0 0.338821 0.239169 0.362379 0.262360 0.354156 0.270713 0.330598 0.247521
0 0.348692 0.229589 0.371592 0.253859 0.363067 0.261903 0.340167 0.237633
0 0.358319 0.220909 0.380540 0.246167 0.371740 0.253909 0.349519 0.228651
0 0.368238 0.212598 0.389714 0.238801 0.380649 0.246231 0.359173 0.220028
0 0.378435 0.204666 0.399106 0.231764 0.389786 0.238872 0.369116 0.211775
0 0.389526 0.196691 0.409276 0.224672 0.399700 0.231431 0.379950 0.203450
0 0.400259 0.189560 0.419092 0.218327 0.409285 0.224747 0.390453 0.195980
0 0.411890 0.182448 0.429695 0.211979 0.419657 0.218031 0.401853 0.188499
0 0.423110 0.176147 0.439902 0.206342 0.429658 0.212038 0.412867 0.181844
0 0.434548 0.170260 0.450286 0.201054 0.439850 0.206388 0.424111 0.175594
0 0.446881 0.164484 0.461467 0.195841 0.450839 0.200784 0.436253 0.169428
0 0.458726 0.159468 0.472192 0.191285 0.461398 0.195853 0.447932 0.164036
0 0.470751 0.154882 0.483070 0.187090 0.472123 0.191277 0.459804 0.159070
0 0.483663 0.150500 0.494748 0.183048 0.483653 0.186826 0.472568 0.154279
0 0.496016 0.146819 0.505917 0.179606 0.494696 0.182994 0.484796 0.150207
0 0.509246 0.143402 0.517884 0.176371 0.506545 0.179342 0.497908 0.146373
0 0.521872 0.140644 0.529308 0.173697 0.517873 0.176270 0.510437 0.143217
0 0.534611 0.138341 0.540845 0.171400 0.529327 0.173572 0.523093 0.140513
0 0.547448 0.136498 0.552485 0.169484 0.540898 0.171253 0.535862 0.138267
0 0.561133 0.135040 0.564915 0.167881 0.553271 0.169222 0.549489 0.136381
0 0.574132 0.134151 0.576743 0.166757 0.565059 0.167692 0.562449 0.135087
0 0.587189 0.133731 0.588649 0.166021 0.576940 0.166551 0.575480 0.134261
0 0.600289 0.133783 0.600626 0.165677 0.588906 0.165800 0.588569 0.133907
0 0.613420 0.134310 0.612665 0.165726 0.600947 0.165444 0.601702 0.134028
0 0.626566 0.135313 0.624758 0.166170 0.613057 0.165485 0.614865 0.134627
0 0.638939 0.136711 0.636183 0.166935 0.624511 0.165871 0.627267 0.135647
0 0.652075 0.138647 0.648359 0.168152 0.636730 0.166687 0.640446 0.137183
0 0.665184 0.141066 0.660565 0.169769 0.648993 0.167907 0.653612 0.139204
0 0.677480 0.143808 0.672079 0.171636 0.660572 0.169402 0.665974 0.141575
0 0.690493 0.147173 0.684324 0.174031 0.672900 0.171407 0.679070 0.144548
0 0.702669 0.150813 0.695863 0.176626 0.684530 0.173638 0.691336 0.147824
0 0.714765 0.154893 0.707409 0.179572 0.696176 0.176224 0.703532 0.151545
0 0.727522 0.159685 0.719667 0.183116 0.708553 0.179390 0.716408 0.155960
0 0.739403 0.164688 0.731211 0.186776 0.720221 0.182700 0.728414 0.160612
0 0.751152 0.170152 0.742754 0.190770 0.731899 0.186349 0.740297 0.165731
0 0.762744 0.176090 0.754301 0.195085 0.743591 0.190324 0.752033 0.171330
0 0.773417 0.182164 0.765166 0.199346 0.754600 0.194273 0.762851 0.177090
0 0.787539 0.183453 0.773831 0.209852 0.763429 0.204450 0.777137 0.178052
0 0.798137 0.191930 0.785810 0.213964 0.775581 0.208241 0.787909 0.186207
2 0.807780 0.200305 0.797125 0.218113 0.787067 0.212095 0.797722 0.194287
