1 0.162400 0.297582 0.151338 0.317741 0.133765 0.308098 0.144827 0.287939
0 0.182736 0.306490 0.169464 0.330277 0.151959 0.320510 0.165232 0.296723
0 0.202093 0.315021 0.186564 0.342409 0.169127 0.332523 0.184656 0.305134
0 0.218889 0.329586 0.207392 0.349524 0.190027 0.339511 0.201524 0.319573
0 0.238073 0.339652 0.225403 0.361257 0.208112 0.351117 0.220783 0.329512
0 0.257739 0.350387 0.244026 0.373359 0.226814 0.363085 0.240528 0.340112
0 0.276367 0.360835 0.261718 0.384956 0.244585 0.374551 0.259234 0.350430
0 0.295486 0.371900 0.279976 0.396983 0.262927 0.386442 0.278437 0.361358
0 0.314339 0.383106 0.298036 0.409000 0.281073 0.398320 0.297376 0.372426
0 0.332929 0.394444 0.315893 0.421015 0.299018 0.410195 0.316055 0.383624
0 0.351260 0.405907 0.333544 0.433035 0.316761 0.422075 0.334477 0.394947
0 0.370043 0.417967 0.351688 0.445537 0.335003 0.434428 0.353358 0.406858
0 0.387850 0.429668 0.368914 0.457585 0.352325 0.446333 0.371261 0.418416
0 0.406092 0.441964 0.386612 0.470127 0.370126 0.458724 0.389606 0.430561
0 0.424058 0.454376 0.404082 0.482694 0.387702 0.471139 0.407679 0.442821
0 0.441750 0.466902 0.421323 0.495288 0.405053 0.483580 0.425480 0.455194
0 0.459828 0.480031 0.438988 0.508395 0.422835 0.496526 0.443675 0.468162
0 0.476959 0.492783 0.455764 0.521051 0.439726 0.509026 0.460921 0.480758
0 0.494454 0.506141 0.472945 0.534226 0.457031 0.522038 0.478541 0.493953
0 0.511653 0.519614 0.489880 0.547439 0.474094 0.535087 0.495866 0.507261
0 0.528552 0.533201 0.506571 0.560690 0.490916 0.548172 0.512896 0.520683
0 0.545762 0.547406 0.523620 0.574476 0.508105 0.561785 0.530247 0.534715
0 0.562048 0.561223 0.539817 0.587807 0.524440 0.574948 0.546672 0.548364
0 0.578622 0.575663 0.556355 0.601679 0.541126 0.588645 0.563393 0.562629
0 0.594867 0.590223 0.572636 0.615595 0.557560 0.602384 0.579791 0.577013
0 0.611353 0.605420 0.589222 0.630062 0.574308 0.616669 0.596439 0.592026
0 0.626923 0.620222 0.604986 0.644067 0.590235 0.630495 0.612172 0.606651
0 0.642705 0.635669 0.621043 0.658627 0.606464 0.644870 0.628125 0.621913
0 0.658120 0.651247 0.636838 0.673231 0.622436 0.659290 0.643718 0.637305
0 0.673163 0.666957 0.652377 0.687878 0.638157 0.673750 0.658943 0.652829
0 0.687823 0.682805 0.667671 0.702560 0.653639 0.688245 0.673792 0.668490
0 0.702592 0.699334 0.683229 0.717797 0.669396 0.703289 0.688760 0.684827
0 0.716922 0.716028 0.698553 0.733055 0.684926 0.718355 0.703295 0.701328
0 0.730779 0.732909 0.713679 0.748313 0.700263 0.733419 0.717363 0.718015
0 0.747832 0.746756 0.724935 0.766789 0.711736 0.751703 0.734633 0.731670
0 0.760503 0.765217 0.740812 0.781924 0.727843 0.766640 0.747534 0.749932
2 0.772323 0.783176 0.755935 0.796666 0.743196 0.781190 0.759583 0.767700
