1 0.294902 0.284400 0.279469 0.304196 0.272075 0.298432 0.287508 0.278636
0 0.302601 0.287446 0.284356 0.310926 0.276953 0.305174 0.295198 0.281694
0 0.310242 0.290432 0.289198 0.317605 0.281786 0.311865 0.302830 0.284691
0 0.312568 0.300167 0.299252 0.317421 0.291830 0.311693 0.305147 0.294439
0 0.319902 0.304563 0.305418 0.323403 0.297986 0.317689 0.312470 0.298849
0 0.326480 0.308540 0.311006 0.328741 0.303563 0.323039 0.319038 0.302839
0 0.332940 0.312543 0.316608 0.333941 0.309156 0.328253 0.325488 0.306855
0 0.339890 0.317002 0.322808 0.339475 0.315345 0.333802 0.332427 0.311329
0 0.346148 0.321001 0.328398 0.344443 0.320924 0.338783 0.338674 0.315342
0 0.352901 0.325424 0.334558 0.349753 0.327073 0.344109 0.345416 0.319780
0 0.359561 0.329817 0.340688 0.354958 0.333191 0.349330 0.352064 0.324188
0 0.366131 0.334173 0.346784 0.360062 0.339274 0.354450 0.358621 0.328561
0 0.372614 0.338491 0.352843 0.365070 0.345321 0.359474 0.365091 0.332895
0 0.379011 0.342767 0.358863 0.369982 0.351328 0.364404 0.371476 0.337188
0 0.385879 0.347405 0.365401 0.375212 0.357852 0.369653 0.378330 0.341846
0 0.392105 0.351586 0.371332 0.379935 0.363770 0.374394 0.384543 0.346045
0 0.398792 0.356113 0.377768 0.384966 0.370191 0.379445 0.391215 0.350592
0 0.405387 0.360579 0.384148 0.389895 0.376556 0.384395 0.397795 0.355079
0 0.411890 0.364983 0.390471 0.394724 0.382864 0.389245 0.404283 0.359504
0 0.418304 0.369325 0.396737 0.399453 0.389114 0.393996 0.410680 0.363868
0 0.424627 0.373604 0.402946 0.404083 0.395307 0.398648 0.416987 0.368170
0 0.431369 0.378177 0.409613 0.408977 0.401956 0.403568 0.423712 0.372768
0 0.438010 0.382672 0.416210 0.413759 0.408534 0.408377 0.430334 0.377290
0 0.444548 0.387089 0.422735 0.418429 0.415040 0.413074 0.436854 0.381733
0 0.450985 0.391427 0.429189 0.422988 0.421475 0.417660 0.443271 0.386099
0 0.457321 0.395686 0.435571 0.427434 0.427837 0.422135 0.449587 0.390387
0 0.464029 0.400186 0.442364 0.432095 0.434608 0.426829 0.456273 0.394920
0 0.470156 0.404280 0.448596 0.436311 0.440819 0.431076 0.462379 0.399045
0 0.476642 0.408599 0.455226 0.440727 0.447425 0.435527 0.468841 0.403399
0 0.483464 0.413120 0.462233 0.445319 0.454406 0.440158 0.475638 0.407959
0 0.489713 0.417242 0.468684 0.449473 0.460833 0.444350 0.481861 0.412119
0 0.496283 0.421550 0.475499 0.453786 0.467619 0.448706 0.488404 0.416470
0 0.502723 0.425747 0.482213 0.457955 0.474305 0.452920 0.494815 0.420712
0 0.509453 0.430096 0.489261 0.462250 0.481321 0.457265 0.501514 0.425111
0 0.516037 0.434318 0.496193 0.466383 0.488221 0.461450 0.508065 0.429384
0 0.522473 0.438412 0.503011 0.470353 0.495005 0.465475 0.514467 0.433534
0 0.529157 0.442613 0.510123 0.474401 0.502080 0.469585 0.521114 0.437797
0 0.535676 0.446669 0.517105 0.478266 0.509022 0.473516 0.527594 0.441919
0 0.542406 0.450795 0.524348 0.482171 0.516223 0.477494 0.534281 0.446118
0 0.548952 0.454757 0.531444 0.485869 0.523274 0.481272 0.540782 0.450159
0 0.555314 0.458557 0.538394 0.489361 0.530177 0.484848 0.547097 0.454043
0 0.562182 0.462559 0.545928 0.493028 0.537656 0.488615 0.553911 0.458146
0 0.568825 0.466358 0.553280 0.496441 0.544951 0.492137 0.560496 0.462054
0 0.575564 0.470113 0.560796 0.499764 0.552404 0.495585 0.567172 0.465933
0 0.582053 0.473646 0.568112 0.502804 0.559654 0.498760 0.573595 0.469602
0 0.588891 0.477224 0.575879 0.505841 0.567344 0.501961 0.580356 0.473343
0 0.595714 0.480654 0.583719 0.508662 0.575101 0.504972 0.587096 0.476963
0 0.602482 0.483900 0.591602 0.511217 0.582892 0.507748 0.593772 0.480431
0 0.609151 0.486924 0.599492 0.513449 0.590683 0.510241 0.600341 0.483717
0 0.616157 0.489837 0.607911 0.515461 0.598986 0.512589 0.607233 0.486964
0 0.622904 0.492394 0.616213 0.516945 0.607168 0.514479 0.613859 0.489929
0 0.629748 0.494638 0.624852 0.517892 0.615678 0.515961 0.620574 0.492707
0 0.636515 0.496440 0.633679 0.518050 0.624384 0.516830 0.627220 0.495220
0 0.643495 0.490769 0.642779 0.523972 0.633406 0.523770 0.634122 0.490567
0 0.649045 0.492294 0.652726 0.520243 0.643432 0.521467 0.639750 0.493518
2 0.654271 0.492523 0.662393 0.514223 0.653613 0.517509 0.645491 0.495809
