1 0.197154 0.215476 0.176666 0.237665 0.164316 0.226261 0.184804 0.204072
0 0.212082 0.225529 0.187739 0.251748 0.175420 0.240311 0.199762 0.214092
0 0.227822 0.236411 0.199596 0.266632 0.187311 0.255158 0.215537 0.224937
0 0.236014 0.253076 0.216656 0.273684 0.204403 0.262175 0.223761 0.241567
0 0.250309 0.264844 0.229149 0.287230 0.216933 0.275683 0.238093 0.253297
0 0.264270 0.276640 0.241559 0.300513 0.229380 0.288927 0.252091 0.265054
0 0.277929 0.288427 0.253851 0.313572 0.241710 0.301945 0.265788 0.276801
0 0.291307 0.300183 0.266005 0.326427 0.253903 0.314759 0.279205 0.288516
0 0.305308 0.312762 0.278894 0.339956 0.266836 0.328244 0.293250 0.301050
0 0.318142 0.324408 0.290724 0.352435 0.278708 0.340680 0.306126 0.312653
0 0.331584 0.336843 0.303242 0.365588 0.291272 0.353785 0.319614 0.325041
0 0.344747 0.349193 0.315558 0.378557 0.303636 0.366706 0.332825 0.337342
0 0.358461 0.362288 0.328489 0.392172 0.316620 0.380269 0.346592 0.350384
0 0.371058 0.374447 0.340377 0.404776 0.328559 0.392821 0.359240 0.362492
0 0.384178 0.387328 0.352841 0.418013 0.341080 0.406002 0.372417 0.375317
0 0.396995 0.400094 0.365060 0.431059 0.353359 0.418990 0.385294 0.388026
0 0.410272 0.413541 0.377785 0.444702 0.366149 0.432571 0.398635 0.401409
0 0.422468 0.426063 0.389494 0.457361 0.377922 0.445168 0.410896 0.413871
0 0.435090 0.439245 0.401671 0.470599 0.390169 0.458340 0.423589 0.426986
0 0.448084 0.453056 0.414259 0.484386 0.402836 0.472054 0.436661 0.440723
0 0.460017 0.465950 0.425850 0.497202 0.414504 0.484798 0.448671 0.453546
0 0.472284 0.479451 0.437814 0.510547 0.426554 0.498065 0.461025 0.466970
0 0.484828 0.493529 0.450093 0.524387 0.438928 0.511820 0.473664 0.480962
0 0.496330 0.506700 0.461393 0.537269 0.450323 0.524618 0.485261 0.494049
0 0.508678 0.521139 0.473564 0.551323 0.462606 0.538576 0.497720 0.508392
0 0.519982 0.534671 0.484757 0.564419 0.473911 0.551576 0.509136 0.521829
0 0.532005 0.549406 0.496696 0.578615 0.485981 0.565663 0.521290 0.536453
0 0.542982 0.563233 0.507658 0.591852 0.497076 0.578791 0.532400 0.550172
0 0.554544 0.578193 0.519234 0.606114 0.508807 0.592928 0.544118 0.565007
0 0.565554 0.592902 0.530317 0.620050 0.520058 0.606734 0.555295 0.579586
0 0.576010 0.607362 0.540911 0.633661 0.530832 0.620209 0.565930 0.593909
0 0.586808 0.622831 0.551884 0.648158 0.542015 0.634550 0.576940 0.609223
0 0.596946 0.638000 0.562271 0.662271 0.552631 0.648499 0.587306 0.624228
0 0.606814 0.653472 0.572454 0.676573 0.563075 0.662623 0.597435 0.639522
0 0.616325 0.669207 0.582356 0.691017 0.573274 0.676871 0.607244 0.655062
0 0.625726 0.685735 0.592216 0.706092 0.583488 0.691726 0.616998 0.671369
0 0.634514 0.702410 0.601571 0.721169 0.593253 0.706561 0.626196 0.687802
0 0.642579 0.719184 0.610334 0.736189 0.602492 0.721321 0.634737 0.704315
0 0.649798 0.736010 0.618421 0.751094 0.611138 0.735943 0.642515 0.720860
0 0.656441 0.753845 0.626119 0.766743 0.619540 0.751274 0.649861 0.738377
0 0.661953 0.772032 0.632982 0.782500 0.627270 0.766690 0.656241 0.756222
0 0.666123 0.790897 0.638929 0.798639 0.634326 0.782472 0.661520 0.774729
0 0.675663 0.808797 0.636425 0.816347 0.633249 0.799840 0.672487 0.792290
0 0.674477 0.829065 0.640666 0.831765 0.639328 0.815009 0.673138 0.812308
2 0.670448 0.849596 0.642629 0.847773 0.643728 0.830999 0.671547 0.832822
