1 0.169828 0.214855 0.151879 0.239319 0.135318 0.227168 0.153267 0.202704
0 0.189451 0.226283 0.167647 0.254858 0.151318 0.242398 0.173122 0.213823
0 0.209070 0.238234 0.183263 0.270792 0.167166 0.258033 0.192973 0.225475
0 0.222797 0.256724 0.203518 0.280191 0.187647 0.267152 0.206926 0.243685
0 0.240784 0.270246 0.219368 0.295420 0.203723 0.282110 0.225139 0.256936
0 0.258583 0.284389 0.235257 0.310890 0.219838 0.297319 0.243164 0.270817
0 0.275675 0.298600 0.250628 0.326157 0.235428 0.312341 0.260474 0.284784
0 0.292625 0.313328 0.266003 0.341713 0.251021 0.327662 0.277643 0.299277
0 0.309443 0.328555 0.281373 0.357580 0.266608 0.343300 0.294678 0.314276
0 0.326134 0.344267 0.296734 0.373769 0.282184 0.359269 0.311585 0.329768
0 0.342165 0.359895 0.311557 0.389747 0.297215 0.375042 0.327823 0.345190
0 0.358079 0.375962 0.326369 0.406040 0.312233 0.391137 0.343944 0.361059
0 0.373346 0.391879 0.340649 0.422085 0.326711 0.406997 0.359408 0.376791
0 0.389035 0.408797 0.355437 0.439013 0.341701 0.423740 0.375299 0.393524
0 0.404081 0.425529 0.369696 0.455676 0.356155 0.440231 0.390540 0.410084
0 0.418493 0.442035 0.383432 0.472041 0.370076 0.456435 0.405137 0.426429
0 0.433324 0.459544 0.397674 0.489312 0.384508 0.473546 0.420159 0.443777
0 0.447524 0.476796 0.411397 0.506266 0.398414 0.490349 0.434541 0.460880
0 0.461619 0.494413 0.425117 0.523511 0.412313 0.507449 0.448815 0.478351
0 0.475607 0.512392 0.438833 0.541050 0.426207 0.524848 0.462981 0.496190
0 0.488972 0.530049 0.452043 0.558215 0.439586 0.541882 0.476516 0.513717
0 0.502233 0.548042 0.465255 0.575652 0.452966 0.559193 0.489944 0.531584
0 0.515387 0.566372 0.478473 0.593362 0.466349 0.576781 0.503264 0.549790
0 0.528434 0.585036 0.491697 0.611346 0.479737 0.594647 0.516473 0.568336
0 0.540862 0.603306 0.504433 0.628889 0.492628 0.612079 0.529057 0.586497
0 0.553180 0.621890 0.517186 0.646681 0.505534 0.629765 0.541529 0.604973
0 0.565385 0.640787 0.529958 0.664724 0.518458 0.647704 0.553885 0.623767
0 0.577470 0.659999 0.542756 0.683014 0.531406 0.665894 0.566120 0.642879
0 0.588931 0.678756 0.555095 0.700789 0.543886 0.683576 0.577722 0.661543
0 0.600757 0.698596 0.567968 0.719555 0.556905 0.702248 0.589695 0.681289
0 0.611942 0.717970 0.580407 0.737774 0.569482 0.720379 0.601018 0.700575
0 0.622472 0.736853 0.592434 0.755404 0.581641 0.737928 0.611679 0.719377
0 0.633307 0.756859 0.605054 0.774009 0.594396 0.756450 0.622648 0.739300
0 0.643416 0.776393 0.617341 0.791963 0.606810 0.774328 0.632885 0.758757
0 0.659331 0.793830 0.624711 0.814155 0.614311 0.796441 0.648932 0.776116
0 0.667891 0.814701 0.638384 0.831747 0.628109 0.813961 0.657616 0.796915
2 0.675906 0.834918 0.651562 0.848769 0.641405 0.830915 0.665749 0.817065
