1 0.237410 0.246622 0.229363 0.269155 0.214924 0.263999 0.222970 0.241465
0 0.253789 0.250336 0.243927 0.276909 0.229553 0.271575 0.239414 0.245001
0 0.270181 0.254274 0.258404 0.284846 0.244097 0.279335 0.255873 0.248763
0 0.283845 0.265300 0.275537 0.286103 0.261298 0.280417 0.269606 0.259614
0 0.299716 0.270770 0.290389 0.293322 0.276221 0.287463 0.285547 0.264910
0 0.315511 0.276594 0.305243 0.300594 0.291147 0.294563 0.301415 0.270563
0 0.330600 0.282444 0.319458 0.307676 0.305433 0.301482 0.316575 0.276251
0 0.346274 0.288867 0.334291 0.315145 0.320341 0.308784 0.332324 0.282506
0 0.361892 0.295567 0.349106 0.322744 0.335233 0.316217 0.348019 0.289040
0 0.376819 0.302220 0.363276 0.330176 0.349478 0.323492 0.363020 0.295536
0 0.392333 0.309438 0.378052 0.338054 0.364334 0.331208 0.378614 0.302592
0 0.407160 0.316578 0.392185 0.345762 0.378544 0.338763 0.393519 0.309578
0 0.421939 0.323950 0.406300 0.353612 0.392737 0.346461 0.408376 0.316799
0 0.436669 0.331550 0.420396 0.361606 0.406913 0.354306 0.423187 0.324250
0 0.451351 0.339375 0.434473 0.369748 0.421071 0.362301 0.437949 0.331928
0 0.465985 0.347424 0.448533 0.378041 0.435213 0.370448 0.452665 0.339831
0 0.480569 0.355694 0.462575 0.386486 0.449337 0.378749 0.467332 0.347958
0 0.495105 0.364183 0.476599 0.395084 0.463445 0.387207 0.481951 0.356306
0 0.509590 0.372890 0.490607 0.403838 0.477538 0.395821 0.496521 0.364874
0 0.523400 0.381418 0.503989 0.412361 0.491001 0.404213 0.510413 0.373270
0 0.537786 0.390550 0.517967 0.421420 0.505064 0.413137 0.524884 0.382267
0 0.551498 0.399484 0.531322 0.430236 0.518503 0.421825 0.538679 0.391073
0 0.565781 0.409036 0.545273 0.439605 0.532540 0.431063 0.553049 0.400494
0 0.579392 0.418373 0.558605 0.448715 0.545957 0.440050 0.566744 0.409708
0 0.592953 0.427908 0.571928 0.457970 0.559364 0.449183 0.580389 0.419121
0 0.606462 0.437638 0.585242 0.467370 0.572762 0.458463 0.593982 0.428732
0 0.619918 0.447565 0.598548 0.476915 0.586153 0.467891 0.607523 0.438541
0 0.633321 0.457689 0.611847 0.486606 0.599538 0.477465 0.621011 0.448548
0 0.646669 0.468008 0.625141 0.496442 0.612917 0.487187 0.634445 0.458753
0 0.659351 0.478049 0.637833 0.505958 0.625691 0.496596 0.647209 0.468687
0 0.672588 0.488753 0.651120 0.516076 0.639064 0.506604 0.660532 0.479281
0 0.685159 0.499166 0.663811 0.525858 0.651837 0.516282 0.673185 0.489590
0 0.698276 0.510258 0.677099 0.536257 0.665211 0.526573 0.686389 0.500575
0 0.710728 0.521045 0.689797 0.546301 0.677992 0.536518 0.698923 0.511261
0 0.723116 0.532018 0.702503 0.556471 0.690780 0.546589 0.711394 0.522136
0 0.735438 0.543180 0.715221 0.566763 0.703580 0.556784 0.723798 0.533201
0 0.747690 0.554534 0.727955 0.577175 0.716397 0.567100 0.736132 0.544459
0 0.759864 0.566085 0.740710 0.587701 0.729235 0.577533 0.748389 0.555916
0 0.771954 0.577839 0.753496 0.598334 0.742103 0.588074 0.760561 0.567578
0 0.783354 0.589260 0.765737 0.608525 0.754422 0.598178 0.772039 0.578913
0 0.795235 0.601450 0.778624 0.619330 0.767392 0.608894 0.784003 0.591015
0 0.806383 0.613337 0.791014 0.629633 0.779860 0.619114 0.795229 0.602817
0 0.821388 0.621286 0.799499 0.644156 0.788422 0.633555 0.810312 0.610685
0 0.832113 0.635036 0.813384 0.654306 0.802389 0.643620 0.821118 0.624350
2 0.842196 0.648333 0.826688 0.664060 0.815771 0.653295 0.831279 0.637568
