1 0.188408 0.231009 0.162824 0.246251 0.154585 0.232421 0.180168 0.217179
0 0.199557 0.244096 0.169394 0.262392 0.161045 0.248628 0.191208 0.230332
0 0.210763 0.257017 0.176070 0.278442 0.167611 0.264745 0.202304 0.243320
0 0.214053 0.275953 0.191893 0.289902 0.183317 0.276277 0.205478 0.262329
0 0.224100 0.289448 0.200065 0.304850 0.191379 0.291296 0.215414 0.275894
0 0.234072 0.302892 0.208475 0.319592 0.199679 0.306110 0.225276 0.289409
0 0.244554 0.317075 0.217635 0.334974 0.208721 0.321569 0.235640 0.303670
0 0.255035 0.331156 0.226979 0.350170 0.217947 0.336844 0.246003 0.317830
0 0.264978 0.344334 0.235927 0.364379 0.226784 0.351129 0.255835 0.331083
0 0.275497 0.358198 0.245589 0.379233 0.236328 0.366065 0.266236 0.345030
0 0.286051 0.371944 0.255398 0.393917 0.246019 0.380833 0.276672 0.358860
0 0.296080 0.384798 0.264770 0.407650 0.255279 0.394646 0.286589 0.371795
0 0.306717 0.398307 0.274852 0.422012 0.265243 0.409096 0.297108 0.385391
0 0.317404 0.411691 0.285068 0.436211 0.275340 0.423384 0.307677 0.398863
0 0.328144 0.424949 0.295413 0.450249 0.285567 0.437512 0.318298 0.412212
0 0.338939 0.438080 0.305885 0.464126 0.295921 0.451481 0.328976 0.425436
0 0.350384 0.451814 0.317088 0.478588 0.307000 0.466043 0.340296 0.439269
0 0.361301 0.464683 0.327814 0.492136 0.317608 0.479686 0.351095 0.452233
0 0.372280 0.477425 0.338661 0.505523 0.328338 0.493170 0.361956 0.465073
0 0.383321 0.490040 0.349629 0.518749 0.339188 0.506496 0.372880 0.477787
0 0.395037 0.503224 0.361343 0.532530 0.350778 0.520383 0.384472 0.491077
0 0.406211 0.515577 0.372553 0.545427 0.361871 0.533383 0.395529 0.503533
0 0.418071 0.528483 0.384518 0.558862 0.373713 0.546928 0.407266 0.516549
0 0.429382 0.540574 0.395967 0.571429 0.385045 0.559601 0.418461 0.528747
0 0.441392 0.553204 0.408179 0.584516 0.397135 0.572802 0.430348 0.541490
0 0.452842 0.565037 0.419862 0.596750 0.408704 0.585146 0.441684 0.553433
0 0.465003 0.577392 0.432318 0.609487 0.421039 0.598001 0.453724 0.565906
0 0.477244 0.589607 0.444898 0.622044 0.433498 0.610677 0.465844 0.578240
0 0.488912 0.601052 0.456931 0.633772 0.445418 0.622520 0.477399 0.589799
0 0.501308 0.612996 0.469751 0.645976 0.458119 0.634846 0.489676 0.601866
0 0.513784 0.624802 0.482692 0.657997 0.470943 0.646992 0.502035 0.613797
0 0.526342 0.636471 0.495756 0.669835 0.483889 0.658957 0.514476 0.625592
0 0.538982 0.648003 0.508940 0.681490 0.496957 0.670739 0.526999 0.637253
0 0.551705 0.659401 0.522244 0.692959 0.510146 0.682338 0.539607 0.648780
0 0.564510 0.670663 0.535668 0.704242 0.523456 0.693753 0.552298 0.660174
0 0.577398 0.681793 0.549213 0.715338 0.536887 0.704982 0.565073 0.671437
0 0.590369 0.692792 0.562876 0.726246 0.550439 0.716024 0.577932 0.682570
0 0.603424 0.703660 0.576659 0.736963 0.564110 0.726878 0.590876 0.693575
0 0.616563 0.714400 0.590560 0.747488 0.577902 0.737541 0.603905 0.704453
0 0.629785 0.725014 0.604581 0.757819 0.591815 0.748011 0.617019 0.715206
0 0.643090 0.735504 0.618720 0.767954 0.605848 0.758287 0.630217 0.725837
0 0.656478 0.745873 0.632980 0.777890 0.620001 0.768365 0.643499 0.736348
0 0.669948 0.756124 0.647359 0.787624 0.634277 0.778243 0.656865 0.746743
0 0.683499 0.766262 0.661860 0.797152 0.648674 0.787915 0.670314 0.757025
0 0.697867 0.776789 0.677238 0.806979 0.663946 0.797896 0.684576 0.767707
0 0.711581 0.786708 0.691990 0.816068 0.678599 0.807133 0.698190 0.777773
0 0.725370 0.796534 0.706871 0.824932 0.693382 0.816145 0.711881 0.787747
0 0.739228 0.806277 0.721884 0.833557 0.708299 0.824920 0.725643 0.797640
0 0.753149 0.815956 0.737037 0.841928 0.723357 0.833441 0.739469 0.807470
0 0.767886 0.826053 0.753120 0.850485 0.739343 0.842158 0.754109 0.817726
0 0.781895 0.835687 0.768599 0.858245 0.754731 0.850070 0.768026 0.827512
0 0.799908 0.838421 0.780277 0.872584 0.766319 0.864563 0.785950 0.830401
0 0.813210 0.849290 0.796867 0.878470 0.782821 0.870603 0.799164 0.841423
2 0.826669 0.860032 0.813501 0.884163 0.799370 0.876451 0.812538 0.852321
