1 0.200275 0.227987 0.203746 0.251617 0.192995 0.253197 0.189523 0.229567
0 0.213198 0.225254 0.214121 0.253532 0.203259 0.253887 0.202336 0.225609
0 0.226404 0.223812 0.224279 0.256445 0.213434 0.255739 0.215559 0.223105
0 0.238658 0.230702 0.235329 0.252988 0.224581 0.251382 0.227910 0.229096
0 0.251217 0.232414 0.245884 0.256374 0.235277 0.254013 0.240609 0.230053
0 0.263218 0.234912 0.256029 0.260161 0.245577 0.257185 0.252766 0.231936
0 0.275252 0.238197 0.266305 0.264447 0.256018 0.260941 0.264966 0.234691
0 0.286915 0.242023 0.276362 0.269072 0.266237 0.265122 0.276791 0.238073
0 0.298517 0.246416 0.286474 0.274097 0.276509 0.269762 0.288552 0.242080
0 0.309646 0.251113 0.296261 0.279311 0.286443 0.274651 0.299828 0.246453
0 0.320636 0.256199 0.306018 0.284809 0.296341 0.279864 0.310959 0.251255
0 0.331462 0.261613 0.315715 0.290547 0.306170 0.285352 0.321917 0.256418
0 0.342504 0.267536 0.325704 0.296707 0.316287 0.291284 0.333087 0.262112
0 0.352933 0.273452 0.335201 0.302812 0.325898 0.297193 0.343631 0.267833
0 0.363123 0.279532 0.344549 0.309025 0.335353 0.303234 0.353928 0.273741
0 0.373482 0.286014 0.354130 0.315578 0.345038 0.309626 0.364390 0.280062
0 0.383572 0.292595 0.363527 0.322184 0.354529 0.316089 0.374575 0.286500
0 0.393371 0.299228 0.372712 0.328802 0.363803 0.322579 0.384462 0.293005
0 0.403309 0.306200 0.382095 0.335707 0.373272 0.329363 0.394485 0.299856
0 0.412927 0.313166 0.391235 0.342569 0.382490 0.336118 0.404182 0.306715
0 0.422205 0.320086 0.400107 0.349350 0.391434 0.342801 0.413532 0.313537
0 0.431594 0.327287 0.409146 0.356367 0.400544 0.349726 0.422992 0.320647
0 0.441095 0.334770 0.418352 0.363620 0.409818 0.356892 0.432561 0.328042
0 0.450223 0.342141 0.427255 0.370728 0.418783 0.363921 0.441751 0.335334
0 0.459448 0.349768 0.436311 0.378048 0.427900 0.371167 0.451037 0.342886
0 0.468771 0.357651 0.445521 0.385581 0.437169 0.378628 0.460418 0.350698
0 0.477687 0.365361 0.454393 0.392907 0.446095 0.385889 0.469389 0.358343
0 0.486179 0.372864 0.462909 0.399990 0.454661 0.392915 0.477930 0.365788
0 0.495257 0.381028 0.472059 0.407680 0.463861 0.400546 0.487059 0.373893
0 0.503896 0.388964 0.480840 0.415104 0.472690 0.407916 0.495746 0.381775
0 0.512605 0.397112 0.489754 0.422691 0.481649 0.415451 0.504500 0.389872
0 0.521381 0.405474 0.498801 0.430441 0.490741 0.423151 0.513321 0.398184
0 0.529686 0.413557 0.507454 0.437864 0.499435 0.430530 0.521667 0.406222
0 0.538044 0.421836 0.516232 0.445425 0.508253 0.438047 0.530065 0.414458
0 0.546451 0.430314 0.525139 0.453120 0.517199 0.445700 0.538510 0.422894
0 0.554350 0.438470 0.533633 0.460428 0.525729 0.452970 0.546445 0.431012
0 0.562836 0.447348 0.542806 0.468368 0.534938 0.460871 0.554968 0.439851
0 0.570790 0.455897 0.551567 0.475888 0.543734 0.468356 0.562957 0.448365
0 0.578755 0.464652 0.560475 0.483496 0.552675 0.475929 0.570955 0.457086
0 0.586712 0.473630 0.569546 0.491174 0.561778 0.483574 0.578945 0.466029
0 0.594057 0.482285 0.578236 0.498329 0.570498 0.490699 0.586319 0.474654
0 0.605368 0.487132 0.583095 0.509547 0.575386 0.501887 0.597659 0.479472
0 0.612460 0.497611 0.593479 0.516563 0.585800 0.508873 0.604782 0.489921
2 0.619024 0.507624 0.603366 0.523144 0.595716 0.515426 0.611374 0.499906
