1 0.881007 0.625422 0.861604 0.609110 0.872239 0.596459 0.891642 0.612771
0 0.870535 0.640517 0.848279 0.620358 0.859374 0.608108 0.881630 0.628267
0 0.859564 0.655154 0.834723 0.630914 0.846265 0.619085 0.871107 0.643325
0 0.841641 0.663953 0.826008 0.647449 0.838008 0.636084 0.853640 0.652587
0 0.829048 0.676407 0.812695 0.657792 0.825111 0.646884 0.841465 0.665499
0 0.815216 0.688792 0.798517 0.668187 0.811357 0.657781 0.828056 0.678386
0 0.800928 0.700453 0.784155 0.677979 0.797400 0.668094 0.814173 0.690567
0 0.786230 0.711393 0.769608 0.687154 0.783239 0.677807 0.799861 0.702047
0 0.771159 0.721613 0.754884 0.695704 0.768880 0.686912 0.785155 0.712822
0 0.755749 0.731109 0.739993 0.703622 0.754332 0.695403 0.770088 0.722890
0 0.739184 0.740297 0.724164 0.711293 0.738841 0.703693 0.753860 0.732698
0 0.723175 0.748299 0.708972 0.717903 0.723945 0.710907 0.738148 0.741303
0 0.706049 0.755910 0.692855 0.724191 0.708115 0.717843 0.721308 0.749563
0 0.688683 0.762707 0.676618 0.729766 0.692137 0.724082 0.704202 0.757023
0 0.671109 0.768685 0.660280 0.734631 0.676030 0.729622 0.686859 0.763677
0 0.653359 0.773842 0.643861 0.738784 0.659814 0.734462 0.669311 0.769521
0 0.635463 0.778175 0.627383 0.742228 0.643507 0.738603 0.651588 0.774550
0 0.617454 0.781683 0.610863 0.744963 0.627130 0.742044 0.633721 0.778763
0 0.599360 0.784364 0.594323 0.746993 0.610702 0.744785 0.615739 0.782156
0 0.580305 0.786281 0.576957 0.748374 0.593420 0.746920 0.596768 0.784827
0 0.562137 0.787270 0.560437 0.748962 0.576948 0.748230 0.578648 0.786537
0 0.543070 0.787415 0.543134 0.748834 0.559661 0.748861 0.559598 0.787442
0 0.524954 0.786717 0.526717 0.747993 0.543228 0.748745 0.541464 0.787469
0 0.506009 0.785100 0.509567 0.746369 0.526025 0.747880 0.522467 0.786611
0 0.488071 0.782728 0.493336 0.744114 0.509712 0.746346 0.504447 0.784961
0 0.469380 0.779366 0.476424 0.741010 0.492679 0.743995 0.485635 0.782352
0 0.450868 0.775121 0.459667 0.737156 0.475767 0.740887 0.466968 0.778853
0 0.433437 0.770261 0.443873 0.732794 0.459794 0.737228 0.449358 0.774696
0 0.415374 0.764313 0.427484 0.727489 0.443184 0.732652 0.431074 0.769476
0 0.398431 0.757845 0.412079 0.721758 0.427538 0.727605 0.413890 0.763692
0 0.380944 0.750230 0.396144 0.715026 0.411317 0.721577 0.396117 0.756781
0 0.364611 0.742192 0.381209 0.707948 0.396081 0.715156 0.379483 0.749401
0 0.347824 0.732954 0.365810 0.699811 0.380336 0.707694 0.362350 0.740837
0 0.332218 0.723392 0.351425 0.691410 0.365594 0.699919 0.346387 0.731901
0 0.317011 0.713104 0.337336 0.682373 0.351121 0.691490 0.330796 0.722221
0 0.302228 0.702104 0.323561 0.672707 0.336937 0.682414 0.315604 0.711811
0 0.287897 0.690404 0.310118 0.662419 0.323062 0.672696 0.300840 0.700682
0 0.274046 0.678020 0.297027 0.651515 0.309514 0.662341 0.286533 0.688847
0 0.260702 0.664966 0.284303 0.640003 0.296313 0.651357 0.272711 0.676320
0 0.247891 0.651258 0.271966 0.627891 0.283477 0.639750 0.259401 0.663118
0 0.236256 0.637628 0.260600 0.615851 0.271619 0.628169 0.247276 0.649946
0 0.224567 0.622691 0.249060 0.602593 0.259543 0.615370 0.235051 0.635467
0 0.214056 0.607922 0.238473 0.589484 0.248432 0.602673 0.224015 0.621111
0 0.204132 0.592620 0.228280 0.575866 0.237701 0.589445 0.213553 0.606199
0 0.194826 0.576799 0.218489 0.561749 0.227359 0.575695 0.203696 0.590744
0 0.186172 0.560474 0.209101 0.547144 0.217407 0.561433 0.194478 0.574762
0 0.178211 0.543657 0.200110 0.532064 0.207842 0.546671 0.185943 0.558264
0 0.171412 0.527255 0.191887 0.517380 0.199067 0.532266 0.178592 0.542142
0 0.158907 0.512151 0.189665 0.498782 0.196253 0.513939 0.165495 0.527308
0 0.154604 0.494278 0.181116 0.483907 0.187137 0.499298 0.160625 0.509670
2 0.150939 0.476190 0.173029 0.468476 0.178478 0.484079 0.156388 0.491794
