1 0.299353 0.293959 0.276251 0.309655 0.265179 0.293358 0.288280 0.277662
0 0.314009 0.308444 0.287926 0.328798 0.275805 0.313265 0.301888 0.292911
0 0.329459 0.322842 0.300155 0.347412 0.287496 0.332314 0.316800 0.307744
0 0.340072 0.341434 0.317763 0.361003 0.304771 0.346191 0.327079 0.326622
0 0.355171 0.356197 0.331268 0.377842 0.318043 0.363237 0.341946 0.341592
0 0.370395 0.371044 0.345188 0.394427 0.331788 0.379982 0.356996 0.356599
0 0.385779 0.386009 0.359486 0.410870 0.345950 0.396554 0.372242 0.371693
0 0.401079 0.400843 0.373876 0.426966 0.360229 0.412754 0.387432 0.386632
0 0.416491 0.415761 0.388529 0.442963 0.374790 0.428841 0.402752 0.401638
0 0.431867 0.430621 0.403280 0.458740 0.389464 0.444694 0.418050 0.416575
0 0.447065 0.445294 0.417975 0.474180 0.404092 0.460199 0.433183 0.431313
0 0.462451 0.460155 0.432972 0.489671 0.419031 0.475748 0.448510 0.446232
0 0.477959 0.475143 0.448201 0.505161 0.434209 0.491290 0.463966 0.461272
0 0.492983 0.489669 0.463050 0.520061 0.449012 0.506236 0.478946 0.475844
0 0.508527 0.504728 0.478523 0.535376 0.464444 0.521593 0.494449 0.490944
0 0.524010 0.519751 0.494034 0.550537 0.479918 0.536792 0.509893 0.506006
0 0.539371 0.534691 0.509525 0.565494 0.495375 0.551784 0.525221 0.520981
0 0.554554 0.549500 0.524938 0.580202 0.510758 0.566524 0.540373 0.535821
0 0.570141 0.564744 0.540861 0.595228 0.526651 0.581580 0.555931 0.551096
0 0.585474 0.579800 0.556635 0.609941 0.542399 0.596320 0.571239 0.566179
0 0.600500 0.594625 0.572211 0.624296 0.557952 0.610700 0.586241 0.581029
0 0.615854 0.609836 0.588233 0.638903 0.573950 0.625331 0.601571 0.596264
0 0.630825 0.624768 0.603996 0.653088 0.589693 0.639539 0.616521 0.611218
0 0.646080 0.640070 0.620183 0.667488 0.605860 0.653959 0.631757 0.626541
0 0.660874 0.655057 0.636062 0.681396 0.621721 0.667887 0.646532 0.641547
0 0.675898 0.670411 0.652355 0.695469 0.637996 0.681978 0.661539 0.656920
0 0.691133 0.686154 0.669082 0.709683 0.654706 0.696210 0.676757 0.672681
0 0.705762 0.701594 0.685494 0.723269 0.671103 0.709813 0.691370 0.688137
0 0.724044 0.713675 0.698836 0.740695 0.684430 0.727254 0.709638 0.700235
0 0.737420 0.729946 0.716046 0.752903 0.701626 0.739477 0.723000 0.716520
2 0.751064 0.746438 0.733515 0.765324 0.719082 0.751912 0.736631 0.733026
