1 0.200656 0.369260 0.226814 0.389740 0.211734 0.409000 0.185576 0.388520
0 0.219995 0.346771 0.246468 0.375890 0.228369 0.392345 0.201896 0.363226
0 0.246026 0.328151 0.267449 0.368277 0.245871 0.379798 0.224447 0.339671
0 0.279762 0.325187 0.286054 0.361158 0.261958 0.365372 0.255666 0.329402
0 0.312680 0.327251 0.306846 0.366457 0.282651 0.362857 0.288485 0.323651
0 0.342440 0.337379 0.326408 0.376419 0.303781 0.367128 0.319812 0.328087
0 0.368882 0.352192 0.345432 0.389823 0.324672 0.376886 0.348122 0.339255
0 0.392691 0.369806 0.363908 0.405841 0.344795 0.390575 0.373578 0.354540
0 0.413949 0.388702 0.381293 0.423318 0.363500 0.406533 0.396156 0.371916
0 0.434064 0.409223 0.398418 0.442522 0.381720 0.424647 0.417366 0.391347
0 0.452513 0.430170 0.414596 0.462320 0.398776 0.443663 0.436693 0.411513
0 0.469715 0.451482 0.430057 0.482587 0.414960 0.463340 0.454618 0.432235
0 0.486115 0.473368 0.445130 0.503476 0.430648 0.483763 0.471633 0.453654
0 0.502188 0.496276 0.460217 0.525391 0.446274 0.505292 0.488246 0.476177
0 0.516857 0.518420 0.474255 0.546604 0.460758 0.526203 0.503361 0.498019
0 0.531657 0.541955 0.488691 0.569161 0.475605 0.548494 0.518571 0.521288
0 0.545500 0.565065 0.502467 0.591302 0.489733 0.570416 0.532766 0.544179
0 0.558889 0.588436 0.516060 0.613674 0.503641 0.592599 0.546471 0.567361
0 0.571797 0.611941 0.529444 0.636142 0.517308 0.614903 0.559662 0.590702
0 0.584762 0.636491 0.543152 0.659585 0.531282 0.638198 0.572891 0.615103
0 0.596630 0.659948 0.556069 0.681898 0.544427 0.660385 0.584987 0.638435
0 0.608502 0.684303 0.569297 0.705015 0.557871 0.683386 0.597076 0.662674
0 0.619774 0.708420 0.582282 0.727797 0.571050 0.706067 0.608543 0.686690
0 0.630982 0.733385 0.595616 0.751284 0.584570 0.729459 0.619937 0.711560
0 0.641474 0.758008 0.608766 0.774247 0.597888 0.752338 0.630596 0.736099
0 0.656826 0.780996 0.617315 0.800254 0.606598 0.778266 0.646108 0.759008
0 0.665366 0.806487 0.631721 0.822613 0.621149 0.800554 0.654794 0.784429
2 0.674002 0.832571 0.646266 0.845650 0.635832 0.823525 0.663569 0.810446
