1 0.314509 0.256108 0.295284 0.282490 0.286825 0.276326 0.306050 0.249944
0 0.325595 0.260750 0.302169 0.291515 0.293841 0.285174 0.317268 0.254409
0 0.336592 0.265605 0.308838 0.300640 0.300634 0.294140 0.328388 0.259106
0 0.340799 0.278763 0.321966 0.301702 0.313877 0.295060 0.332710 0.272121
0 0.350333 0.285093 0.329411 0.309761 0.321428 0.302991 0.342350 0.278323
0 0.359872 0.291917 0.337085 0.317974 0.329206 0.311084 0.351993 0.285027
0 0.369124 0.298898 0.344656 0.326108 0.336873 0.319109 0.361342 0.291899
0 0.378093 0.305975 0.352094 0.334157 0.344401 0.327060 0.370400 0.298878
0 0.387104 0.313410 0.359693 0.342409 0.352087 0.335219 0.379498 0.306220
0 0.395833 0.320867 0.367127 0.350565 0.359601 0.343291 0.388307 0.313592
0 0.404274 0.328304 0.374379 0.358605 0.366928 0.351254 0.396824 0.320953
0 0.412759 0.336028 0.381760 0.366836 0.374382 0.359412 0.405381 0.328604
0 0.421291 0.344034 0.389268 0.375264 0.381961 0.367771 0.413983 0.336541
0 0.429525 0.351955 0.396567 0.383542 0.389325 0.375986 0.422283 0.344399
0 0.437455 0.359758 0.403644 0.391646 0.396463 0.384032 0.430273 0.352144
0 0.445774 0.368176 0.411169 0.400289 0.404049 0.392616 0.438654 0.360504
0 0.453428 0.376063 0.418118 0.408364 0.411053 0.400642 0.446364 0.368340
0 0.461475 0.384560 0.425513 0.416983 0.418505 0.409210 0.454466 0.376786
0 0.469200 0.392877 0.432663 0.425381 0.425706 0.417561 0.462244 0.385057
0 0.476961 0.401402 0.439909 0.433938 0.433003 0.426073 0.470055 0.393537
0 0.484390 0.409710 0.446896 0.442240 0.440036 0.434335 0.477530 0.401804
0 0.491848 0.418208 0.453973 0.450687 0.447159 0.442741 0.485034 0.410263
0 0.499335 0.426895 0.461140 0.459278 0.454371 0.451294 0.492566 0.418911
0 0.506852 0.435770 0.468397 0.468014 0.461672 0.459994 0.500126 0.427750
0 0.514019 0.444376 0.475376 0.476449 0.468691 0.468395 0.507335 0.436322
0 0.521211 0.453153 0.482438 0.485013 0.475793 0.476926 0.514566 0.445066
0 0.528426 0.462101 0.489585 0.493708 0.482979 0.485589 0.521819 0.453983
0 0.535663 0.471221 0.496818 0.502532 0.490249 0.494383 0.529095 0.463072
0 0.542535 0.480023 0.503754 0.511008 0.497221 0.502831 0.536001 0.471846
0 0.549423 0.488981 0.510771 0.519599 0.504272 0.511394 0.542924 0.480777
0 0.556326 0.498095 0.517869 0.528304 0.511403 0.520073 0.549861 0.489864
0 0.562849 0.506856 0.524659 0.536622 0.518224 0.528366 0.556414 0.498600
0 0.569778 0.516275 0.531918 0.545547 0.525516 0.537267 0.563376 0.507995
0 0.576319 0.525328 0.538867 0.554070 0.532495 0.545766 0.569947 0.517025
0 0.582866 0.534525 0.545896 0.562689 0.539554 0.554363 0.576523 0.526199
0 0.589417 0.543867 0.553008 0.571406 0.546694 0.563058 0.583103 0.535519
0 0.595969 0.553355 0.560204 0.580217 0.553918 0.571848 0.589683 0.544986
0 0.602109 0.562439 0.567083 0.588577 0.560823 0.580188 0.595849 0.554050
0 0.608652 0.572219 0.574455 0.597565 0.568223 0.589157 0.602420 0.563810
0 0.614770 0.581587 0.581513 0.606082 0.575306 0.597655 0.608563 0.573159
0 0.620867 0.591099 0.588669 0.614669 0.582486 0.606224 0.614684 0.582653
0 0.626934 0.600761 0.595931 0.623320 0.589772 0.614857 0.620775 0.592298
0 0.632959 0.610581 0.603310 0.632028 0.597175 0.623547 0.626825 0.602100
0 0.638502 0.619979 0.610403 0.640194 0.604290 0.631697 0.632390 0.611482
0 0.644383 0.630148 0.618075 0.648966 0.611985 0.640453 0.638294 0.621635
0 0.649708 0.639930 0.625525 0.657137 0.619457 0.648608 0.643640 0.631402
0 0.661663 0.645128 0.626411 0.670080 0.620364 0.661537 0.655616 0.636585
0 0.665479 0.656215 0.635504 0.677322 0.629478 0.668764 0.659453 0.647657
2 0.669318 0.667382 0.644641 0.684672 0.638635 0.676100 0.663313 0.658810
