1 0.247407 0.215587 0.215330 0.222071 0.212482 0.207986 0.244560 0.201502
0 0.253430 0.229486 0.215500 0.237504 0.212528 0.223445 0.250458 0.215427
0 0.259817 0.244333 0.216075 0.254060 0.212956 0.240032 0.256698 0.230306
0 0.255220 0.261063 0.227720 0.267501 0.224445 0.253510 0.251944 0.247072
0 0.259988 0.275077 0.230088 0.282454 0.226646 0.268502 0.256546 0.261126
0 0.264967 0.289841 0.233063 0.298188 0.229426 0.284286 0.261330 0.275939
0 0.269856 0.303894 0.236240 0.313231 0.232395 0.299386 0.266011 0.290048
0 0.275051 0.318445 0.239976 0.328860 0.235886 0.315085 0.270961 0.304670
0 0.280212 0.332172 0.243886 0.343722 0.239532 0.330028 0.275858 0.318478
0 0.285727 0.346150 0.248361 0.358967 0.243699 0.345374 0.281064 0.332558
0 0.291235 0.359198 0.253015 0.373370 0.248019 0.359897 0.286239 0.345725
0 0.297512 0.373156 0.258687 0.388950 0.253273 0.375639 0.292097 0.359846
0 0.303804 0.385936 0.264588 0.403491 0.258716 0.390376 0.297933 0.372820
0 0.310894 0.399063 0.271618 0.418740 0.265182 0.405893 0.304458 0.386216
0 0.318001 0.410770 0.278961 0.432764 0.271907 0.420244 0.310948 0.398250
0 0.326306 0.422835 0.288082 0.447725 0.280241 0.435683 0.318464 0.410794
0 0.334596 0.433113 0.297679 0.461129 0.288992 0.449682 0.325909 0.421666
0 0.344034 0.442910 0.309370 0.474657 0.299665 0.464061 0.334329 0.432313
0 0.353783 0.451028 0.322276 0.486711 0.311504 0.477200 0.343011 0.441517
0 0.364229 0.457740 0.337013 0.497443 0.325161 0.489319 0.352377 0.449616
0 0.375458 0.462993 0.353581 0.506399 0.340749 0.499932 0.362626 0.456526
0 0.386894 0.466632 0.370603 0.512867 0.357050 0.508091 0.373341 0.461857
0 0.399249 0.469088 0.388447 0.517268 0.374426 0.514125 0.385227 0.465945
0 0.412391 0.470465 0.406330 0.519769 0.392067 0.518016 0.398128 0.468712
0 0.425990 0.470945 0.423572 0.520805 0.409219 0.520109 0.411637 0.470249
0 0.440024 0.470768 0.440196 0.520875 0.425826 0.520924 0.425654 0.470818
0 0.454409 0.470154 0.456247 0.520361 0.441887 0.520887 0.440049 0.470679
0 0.469646 0.469269 0.472392 0.519516 0.458043 0.520300 0.455298 0.470053
0 0.484455 0.468369 0.487420 0.518630 0.473075 0.519476 0.470110 0.469215
0 0.500626 0.467520 0.503238 0.517774 0.488888 0.518520 0.486275 0.468267
0 0.516160 0.466981 0.517969 0.517190 0.503608 0.517707 0.501800 0.467498
0 0.532310 0.466829 0.532894 0.516933 0.518525 0.517100 0.517942 0.466996
0 0.548319 0.467193 0.547375 0.517103 0.533008 0.516831 0.533951 0.466922
0 0.564856 0.468193 0.562081 0.517791 0.547733 0.516988 0.550509 0.467390
0 0.581116 0.469874 0.576353 0.519020 0.562050 0.517633 0.566814 0.468488
0 0.597011 0.472248 0.590184 0.520791 0.575954 0.518790 0.582781 0.470247
0 0.613282 0.475471 0.604275 0.523237 0.590154 0.520575 0.599161 0.472809
0 0.629907 0.479639 0.618656 0.526441 0.604684 0.523082 0.615935 0.476280
0 0.645144 0.484299 0.631881 0.530016 0.618080 0.526012 0.631343 0.480295
0 0.660627 0.489866 0.645395 0.534335 0.631800 0.529679 0.647033 0.485210
0 0.676341 0.496402 0.659222 0.539468 0.645869 0.534160 0.662987 0.491094
0 0.691371 0.503535 0.672601 0.545106 0.659504 0.539193 0.678274 0.497621
0 0.705670 0.511152 0.685499 0.551165 0.672668 0.544696 0.692839 0.504683
0 0.720119 0.519669 0.698704 0.558025 0.686157 0.551020 0.707572 0.512663
0 0.733778 0.528531 0.711391 0.565204 0.699126 0.557717 0.721514 0.521044
0 0.746614 0.537611 0.723520 0.572589 0.711528 0.564672 0.734622 0.529694
0 0.759544 0.547474 0.735923 0.580696 0.724212 0.572369 0.747832 0.539147
0 0.771603 0.557397 0.747722 0.588863 0.736275 0.580176 0.760157 0.548710
0 0.783731 0.568051 0.759780 0.597705 0.748601 0.588676 0.772552 0.559023
0 0.795920 0.579465 0.772109 0.607246 0.761198 0.597895 0.785009 0.570113
0 0.807173 0.590751 0.783787 0.616641 0.773123 0.607009 0.796509 0.581118
0 0.817449 0.601780 0.794785 0.625736 0.784347 0.615860 0.807011 0.591904
0 0.827707 0.613447 0.806049 0.635340 0.795833 0.625234 0.817491 0.603341
0 0.837909 0.625797 0.817617 0.645442 0.807622 0.635118 0.827913 0.615473
0 0.854638 0.632720 0.822909 0.662184 0.813131 0.651654 0.844860 0.622190
0 0.862586 0.646491 0.835201 0.671005 0.825616 0.660298 0.853001 0.635784
2 0.870549 0.660696 0.847688 0.680444 0.838295 0.669570 0.861155 0.649822
