1 0.370147 0.167218 0.343890 0.174147 0.339604 0.157904 0.365861 0.150975
0 0.377283 0.183383 0.346311 0.192080 0.341770 0.175907 0.372742 0.167210
0 0.384842 0.199930 0.349221 0.210595 0.344403 0.194503 0.380023 0.183837
0 0.385193 0.218311 0.359758 0.226425 0.354652 0.210421 0.380088 0.202307
0 0.392174 0.235184 0.364661 0.244555 0.359245 0.228654 0.386758 0.219283
0 0.399187 0.251596 0.369995 0.262206 0.364257 0.246418 0.393449 0.235808
0 0.406278 0.267539 0.375714 0.279384 0.369644 0.263720 0.400208 0.251876
0 0.413787 0.283745 0.382121 0.296865 0.375692 0.281345 0.407358 0.268226
0 0.421763 0.300137 0.389238 0.314582 0.382420 0.299230 0.414945 0.284785
0 0.429912 0.315953 0.396737 0.331743 0.389517 0.316575 0.422693 0.300785
0 0.438240 0.331193 0.404611 0.348345 0.396978 0.333381 0.430607 0.316229
0 0.447111 0.346490 0.413238 0.365062 0.405161 0.350333 0.439034 0.331760
0 0.456190 0.361160 0.422259 0.381167 0.413727 0.366696 0.447658 0.346690
0 0.465861 0.375785 0.432082 0.397279 0.423064 0.383106 0.456843 0.361612
0 0.476157 0.390284 0.442750 0.413315 0.433215 0.399484 0.466623 0.376454
0 0.486710 0.404057 0.453863 0.428617 0.443804 0.415163 0.476651 0.390604
0 0.497518 0.417109 0.465420 0.443177 0.454830 0.430137 0.486928 0.404069
0 0.509010 0.429911 0.477890 0.457500 0.466747 0.444930 0.497866 0.417341
0 0.521222 0.442382 0.491317 0.471489 0.479600 0.459451 0.509505 0.430344
0 0.533737 0.454042 0.505236 0.484589 0.492954 0.473129 0.521455 0.442582
0 0.546560 0.464902 0.519640 0.496789 0.506804 0.485953 0.533724 0.454066
0 0.560171 0.475319 0.535055 0.508468 0.521666 0.498323 0.546782 0.465174
0 0.574124 0.484904 0.550964 0.519159 0.537048 0.509750 0.560208 0.475495
0 0.588933 0.493955 0.567921 0.529177 0.553494 0.520570 0.574507 0.485349
0 0.603615 0.501892 0.584782 0.537833 0.569903 0.530037 0.588735 0.494095
0 0.619204 0.509263 0.602686 0.545733 0.587384 0.538803 0.603902 0.502332
0 0.634670 0.515605 0.620425 0.552329 0.604763 0.546255 0.619008 0.509530
0 0.651104 0.521346 0.639195 0.558095 0.623215 0.552917 0.635123 0.516168
0 0.667419 0.526135 0.657735 0.562622 0.641499 0.558313 0.651183 0.521825
0 0.684180 0.530173 0.676642 0.566132 0.660201 0.562686 0.667739 0.526726
0 0.700796 0.533385 0.695234 0.568536 0.678642 0.565911 0.684204 0.530760
0 0.718479 0.535967 0.714819 0.570047 0.698117 0.568253 0.701777 0.534173
0 0.735383 0.537768 0.733350 0.570484 0.716584 0.569442 0.718616 0.536726
0 0.752730 0.538961 0.752149 0.570016 0.735354 0.569701 0.735935 0.538646
0 0.770538 0.539567 0.771205 0.568624 0.754411 0.569009 0.753744 0.539952
0 0.788142 0.539680 0.789781 0.566328 0.773015 0.567360 0.771375 0.540712
0 0.804933 0.533415 0.808411 0.569176 0.791692 0.570803 0.788213 0.535042
0 0.822702 0.533823 0.826686 0.564060 0.810031 0.566255 0.806048 0.536017
2 0.840988 0.533576 0.845070 0.558308 0.828496 0.561044 0.824414 0.536311
