1 0.212688 0.190507 0.191302 0.212590 0.181746 0.203336 0.203132 0.181253
0 0.225309 0.198796 0.199952 0.224934 0.190404 0.215672 0.215761 0.189533
0 0.237209 0.206403 0.207875 0.236590 0.198335 0.227320 0.227669 0.197132
0 0.243008 0.221336 0.222932 0.241958 0.213400 0.232679 0.233476 0.212057
0 0.254237 0.230489 0.232345 0.252936 0.222822 0.243648 0.244714 0.221201
0 0.265226 0.239698 0.241785 0.263687 0.232271 0.254390 0.255711 0.230401
0 0.276008 0.248927 0.251217 0.274249 0.241712 0.264943 0.266503 0.239621
0 0.287192 0.258727 0.261205 0.285216 0.251709 0.275900 0.277696 0.249412
0 0.297612 0.267931 0.270560 0.295450 0.261073 0.286125 0.288125 0.258606
0 0.308443 0.277673 0.280434 0.306104 0.270958 0.296768 0.298966 0.268337
0 0.319106 0.287371 0.290237 0.316611 0.280771 0.307265 0.309640 0.278025
0 0.329606 0.297019 0.299963 0.326976 0.290507 0.317619 0.320151 0.287662
0 0.339947 0.306614 0.309609 0.337203 0.300164 0.327835 0.330502 0.297246
0 0.350678 0.316696 0.319715 0.347836 0.310282 0.338457 0.341244 0.307317
0 0.361240 0.326709 0.329723 0.358327 0.320301 0.348935 0.351819 0.317317
0 0.371637 0.336649 0.339629 0.368675 0.330220 0.359272 0.362228 0.327246
0 0.381869 0.346517 0.349434 0.378884 0.340038 0.369468 0.372472 0.337101
0 0.391937 0.356311 0.359135 0.388954 0.349752 0.379525 0.382553 0.346882
0 0.402352 0.366544 0.369241 0.399399 0.359871 0.389956 0.392982 0.357101
0 0.412591 0.376690 0.379228 0.409695 0.369872 0.400238 0.403236 0.367233
0 0.422654 0.386748 0.389095 0.419844 0.379754 0.410372 0.413313 0.377277
0 0.432540 0.396718 0.398842 0.429845 0.389517 0.420358 0.423215 0.387231
0 0.442732 0.407090 0.408948 0.440187 0.399638 0.430685 0.433423 0.397588
0 0.452732 0.417361 0.418918 0.450371 0.409626 0.440852 0.443440 0.407843
0 0.462541 0.427532 0.428754 0.460395 0.419479 0.450859 0.453266 0.417996
0 0.472616 0.438074 0.438909 0.470730 0.429653 0.461176 0.463359 0.428520
0 0.482482 0.448504 0.448915 0.480892 0.439678 0.471319 0.473245 0.438931
0 0.492581 0.459279 0.459209 0.491339 0.449993 0.481746 0.483365 0.449686
0 0.502021 0.469477 0.468908 0.501149 0.459713 0.491536 0.492826 0.459864
0 0.511674 0.480009 0.478880 0.511229 0.469708 0.501594 0.502502 0.470374
0 0.521514 0.490857 0.489102 0.521557 0.479954 0.511899 0.512367 0.481199
0 0.531107 0.501568 0.499145 0.531682 0.490023 0.522000 0.521985 0.491886
0 0.540450 0.512144 0.509012 0.541602 0.499916 0.531895 0.531354 0.502437
0 0.549928 0.523005 0.519089 0.551731 0.510022 0.541996 0.540861 0.513271
0 0.559511 0.534132 0.529353 0.562042 0.520318 0.552279 0.550475 0.524369
0 0.568796 0.545102 0.539414 0.572112 0.530411 0.562318 0.559793 0.535309
0 0.578137 0.556316 0.549633 0.582327 0.540666 0.572500 0.569171 0.546489
0 0.587148 0.567367 0.559642 0.592274 0.550713 0.582413 0.578219 0.557506
0 0.596155 0.578644 0.569788 0.602320 0.560900 0.592422 0.587267 0.568746
0 0.604784 0.589763 0.579730 0.612061 0.570886 0.602125 0.595940 0.579826
0 0.613646 0.601467 0.590121 0.622196 0.581327 0.612215 0.604852 0.591486
0 0.622023 0.613030 0.600329 0.631943 0.591588 0.621916 0.613282 0.603003
0 0.636129 0.620288 0.605311 0.646832 0.596629 0.636752 0.627448 0.610209
0 0.643035 0.633151 0.616731 0.655514 0.608115 0.645379 0.634418 0.623016
2 0.650078 0.646337 0.628325 0.664559 0.619783 0.654362 0.641536 0.636140
