1 0.278403 0.286367 0.263029 0.312371 0.252498 0.306146 0.267873 0.280141
0 0.291634 0.291001 0.273315 0.321744 0.262806 0.315482 0.281125 0.284739
0 0.304111 0.295239 0.282820 0.330702 0.272332 0.324405 0.293623 0.288942
0 0.312600 0.307191 0.297221 0.332599 0.286756 0.326265 0.302135 0.300857
0 0.324617 0.312981 0.307773 0.340579 0.297331 0.334206 0.314175 0.306608
0 0.336374 0.318913 0.318262 0.348338 0.307844 0.341925 0.325957 0.312500
0 0.348473 0.325299 0.329232 0.356274 0.318841 0.349819 0.338082 0.318845
0 0.359770 0.331394 0.339522 0.363704 0.329156 0.357208 0.349404 0.324898
0 0.371416 0.337896 0.350249 0.371352 0.339911 0.364812 0.361079 0.331356
0 0.383393 0.344786 0.361381 0.379224 0.351074 0.372636 0.373086 0.338198
0 0.394597 0.351348 0.371820 0.386630 0.361542 0.379995 0.384319 0.344714
0 0.406120 0.358280 0.382636 0.394269 0.372392 0.387584 0.395876 0.351595
0 0.417417 0.365223 0.393287 0.401799 0.383076 0.395063 0.407206 0.358486
0 0.428488 0.372174 0.403769 0.409223 0.393593 0.402434 0.418312 0.365384
0 0.439838 0.379472 0.414576 0.416880 0.404439 0.410033 0.429700 0.372626
0 0.450946 0.386768 0.425194 0.424430 0.415096 0.417526 0.440847 0.379864
0 0.462295 0.394399 0.436096 0.432207 0.426041 0.425240 0.452240 0.387432
0 0.473382 0.402020 0.446787 0.439876 0.436777 0.432844 0.463372 0.394988
0 0.484207 0.409632 0.457267 0.447439 0.447305 0.440340 0.474244 0.402533
0 0.494769 0.417232 0.467538 0.454895 0.457625 0.447727 0.484856 0.410065
0 0.505954 0.425477 0.478461 0.462883 0.468604 0.455639 0.496097 0.418233
0 0.516400 0.433376 0.488712 0.470439 0.478912 0.463118 0.506600 0.426054
0 0.526982 0.441580 0.499143 0.478198 0.489405 0.470794 0.517244 0.434177
0 0.537664 0.450084 0.509720 0.486150 0.500050 0.478658 0.527993 0.442592
0 0.548011 0.458562 0.520027 0.493979 0.510429 0.486395 0.538413 0.450978
0 0.558023 0.467015 0.530064 0.501684 0.520542 0.494005 0.548501 0.459336
0 0.568444 0.476068 0.540556 0.509866 0.531120 0.502081 0.559009 0.468282
0 0.578475 0.485088 0.550736 0.517909 0.541392 0.510013 0.569132 0.477191
0 0.588110 0.494076 0.560607 0.525812 0.551363 0.517801 0.578865 0.486065
0 0.598016 0.503643 0.570820 0.534153 0.561688 0.526013 0.588885 0.495503
0 0.607461 0.513173 0.580684 0.542333 0.571674 0.534059 0.598451 0.504899
0 0.616744 0.522968 0.590504 0.550632 0.581628 0.542214 0.607869 0.514549
0 0.625809 0.533025 0.600250 0.559033 0.591525 0.550458 0.617084 0.524451
0 0.634592 0.543346 0.609898 0.567513 0.601341 0.558770 0.626036 0.534603
0 0.643282 0.554221 0.619680 0.576319 0.611319 0.567390 0.634921 0.545291
0 0.651242 0.565088 0.629085 0.584867 0.620939 0.575741 0.643095 0.555963
0 0.664000 0.572195 0.633474 0.597996 0.625578 0.588653 0.656104 0.562852
0 0.670175 0.584775 0.643616 0.605887 0.636004 0.596310 0.662563 0.575199
2 0.675978 0.597641 0.653564 0.614230 0.646287 0.604397 0.668701 0.587808
