1 0.147675 0.239770 0.125751 0.255559 0.115326 0.241083 0.137250 0.225294
0 0.160932 0.253735 0.135064 0.272583 0.124559 0.258165 0.150426 0.239318
0 0.174162 0.267484 0.144387 0.289437 0.133801 0.275078 0.163576 0.253125
0 0.181722 0.286337 0.160438 0.302228 0.149765 0.287933 0.171050 0.272042
0 0.193875 0.300470 0.170806 0.317904 0.160050 0.303672 0.183120 0.286238
0 0.206397 0.315201 0.181860 0.333986 0.171016 0.319821 0.195553 0.301036
0 0.218792 0.329794 0.193023 0.349781 0.182090 0.335685 0.207858 0.315698
0 0.231083 0.344232 0.204272 0.365306 0.193248 0.351280 0.220059 0.330207
0 0.243816 0.359169 0.216130 0.381240 0.205010 0.367290 0.232696 0.345220
0 0.256471 0.373915 0.228048 0.396899 0.216831 0.383028 0.245253 0.360043
0 0.268523 0.387824 0.239481 0.411639 0.228170 0.397845 0.257212 0.374029
0 0.281569 0.402818 0.252036 0.427413 0.240620 0.413705 0.270153 0.389110
0 0.294023 0.416970 0.264096 0.442271 0.252579 0.428648 0.282506 0.403347
0 0.306419 0.430920 0.276196 0.456866 0.264576 0.443331 0.294799 0.417384
0 0.319286 0.445268 0.288868 0.471809 0.277140 0.458367 0.307558 0.431826
0 0.332098 0.459391 0.301574 0.486470 0.289736 0.473125 0.320260 0.446046
0 0.345383 0.473868 0.314849 0.501437 0.302894 0.488196 0.333429 0.460627
0 0.358090 0.487533 0.327618 0.515522 0.315550 0.502384 0.346023 0.474394
0 0.371271 0.501529 0.340951 0.529892 0.328764 0.516864 0.359084 0.488501
0 0.384402 0.515280 0.354313 0.543957 0.342005 0.531043 0.372094 0.502367
0 0.397482 0.528787 0.367701 0.557716 0.355272 0.544920 0.385052 0.515991
0 0.411036 0.542574 0.381651 0.571702 0.369092 0.559033 0.398478 0.529904
0 0.424541 0.556096 0.395625 0.585358 0.382936 0.572819 0.411852 0.543557
0 0.437996 0.569355 0.409624 0.598680 0.396803 0.586276 0.425175 0.556951
0 0.451923 0.582841 0.424181 0.612168 0.411221 0.599909 0.438963 0.570582
0 0.465279 0.595568 0.438228 0.624807 0.425134 0.612692 0.452185 0.583454
0 0.479626 0.608969 0.453365 0.638058 0.440124 0.626104 0.466384 0.597015
0 0.493401 0.621618 0.467993 0.650455 0.454608 0.638661 0.480016 0.609824
0 0.507643 0.634435 0.483177 0.662931 0.469642 0.651310 0.494108 0.622814
0 0.521832 0.646961 0.498386 0.675005 0.484700 0.663563 0.508145 0.635519
0 0.536482 0.659619 0.514153 0.687098 0.500308 0.675848 0.522637 0.648369
0 0.550555 0.671574 0.529417 0.698334 0.515418 0.687276 0.536557 0.660517
0 0.565599 0.684047 0.545774 0.709941 0.531609 0.699097 0.551434 0.673203
0 0.580054 0.695847 0.561640 0.720663 0.547314 0.710033 0.565728 0.685217
0 0.594943 0.707766 0.578084 0.731259 0.563591 0.720859 0.580449 0.697365
0 0.610244 0.719808 0.595124 0.741647 0.580457 0.731493 0.595576 0.709654
0 0.628241 0.726312 0.608390 0.756040 0.593554 0.746134 0.613405 0.716406
0 0.642648 0.738790 0.626250 0.764320 0.611240 0.754679 0.627639 0.729149
2 0.657624 0.751205 0.644543 0.772439 0.629355 0.763082 0.642435 0.741849
