1 0.190958 0.593004 0.224685 0.590103 0.226672 0.613205 0.192945 0.616106
0 0.187203 0.566333 0.227296 0.565570 0.227737 0.588754 0.187644 0.589516
0 0.185247 0.539696 0.231544 0.541936 0.230423 0.565096 0.184127 0.562856
0 0.193151 0.514116 0.229270 0.518335 0.226580 0.541366 0.190461 0.537147
0 0.196586 0.487024 0.235384 0.494452 0.231024 0.517225 0.192226 0.509797
0 0.201963 0.461365 0.242646 0.472203 0.236677 0.494609 0.195994 0.483771
0 0.209583 0.435688 0.251418 0.450219 0.243809 0.472122 0.201975 0.457591
0 0.219508 0.410200 0.261797 0.428629 0.252534 0.449885 0.210245 0.431456
0 0.231404 0.385812 0.273517 0.408171 0.262643 0.428651 0.220530 0.406292
0 0.245169 0.362649 0.286513 0.388891 0.274086 0.408468 0.232743 0.382225
0 0.260700 0.340826 0.300717 0.370833 0.286806 0.389384 0.246790 0.359377
0 0.278428 0.319886 0.316523 0.353556 0.301167 0.370930 0.263072 0.337260
0 0.297787 0.300596 0.333468 0.337664 0.316762 0.353745 0.281081 0.316676
0 0.318649 0.283060 0.351477 0.323199 0.333528 0.337879 0.300700 0.297740
0 0.340883 0.267377 0.370474 0.310203 0.351397 0.323384 0.321807 0.280558
0 0.365040 0.253272 0.390967 0.298409 0.370861 0.309959 0.344934 0.264821
0 0.389633 0.241610 0.411742 0.288515 0.390768 0.298401 0.368659 0.251497
0 0.415170 0.232047 0.433280 0.280206 0.411576 0.288367 0.393467 0.240208
0 0.441503 0.224646 0.455507 0.273521 0.433216 0.279907 0.419212 0.231033
0 0.468478 0.219462 0.478349 0.268496 0.455617 0.273072 0.445747 0.224038
0 0.495153 0.216611 0.501055 0.265223 0.478036 0.268018 0.472134 0.219406
0 0.522139 0.215940 0.524204 0.263576 0.501039 0.264581 0.498973 0.216945
0 0.549288 0.217481 0.547731 0.263585 0.524557 0.262802 0.526114 0.216699
0 0.576448 0.221260 0.571568 0.265277 0.548522 0.262722 0.553402 0.218705
0 0.602663 0.227124 0.594946 0.268513 0.572151 0.264263 0.579868 0.222874
0 0.627790 0.234921 0.617806 0.273141 0.595371 0.267281 0.605356 0.229060
0 0.653251 0.245097 0.641522 0.279518 0.619574 0.272039 0.631302 0.237618
0 0.678894 0.251162 0.661606 0.292478 0.640215 0.283528 0.657504 0.242211
0 0.701298 0.266021 0.684295 0.300025 0.663556 0.289655 0.680558 0.255651
2 0.722842 0.282441 0.707034 0.309396 0.687033 0.297665 0.702841 0.270711
