1 0.167962 0.181135 0.151380 0.200852 0.128488 0.181601 0.145070 0.161883
0 0.194245 0.200291 0.174509 0.223571 0.151694 0.204230 0.171429 0.180950
0 0.220562 0.219644 0.197645 0.246463 0.174905 0.227032 0.197822 0.200213
0 0.242782 0.243989 0.224918 0.264731 0.202254 0.245212 0.220118 0.224470
0 0.268367 0.264619 0.248869 0.287083 0.226280 0.267476 0.245779 0.245012
0 0.293116 0.284948 0.272237 0.308823 0.249721 0.289133 0.270600 0.265258
0 0.318519 0.306218 0.296450 0.331261 0.274010 0.311485 0.296078 0.286442
0 0.343131 0.327117 0.320035 0.353135 0.297666 0.333278 0.320763 0.307260
0 0.367694 0.348275 0.343707 0.375099 0.321410 0.355161 0.345397 0.328336
0 0.392215 0.369679 0.367460 0.397163 0.345235 0.377145 0.369990 0.349661
0 0.416698 0.391325 0.391289 0.419333 0.369136 0.399236 0.394545 0.371227
0 0.441147 0.413206 0.415191 0.441614 0.393109 0.421439 0.419065 0.393030
0 0.465564 0.435319 0.439164 0.464011 0.417153 0.443759 0.443553 0.415066
0 0.489215 0.456977 0.462474 0.485845 0.440531 0.465518 0.467272 0.436651
0 0.513571 0.479542 0.486584 0.508474 0.464712 0.488072 0.491699 0.459140
0 0.537161 0.501638 0.510029 0.530533 0.488225 0.510058 0.515356 0.481164
0 0.560720 0.523950 0.533542 0.552703 0.511805 0.532156 0.538983 0.503404
0 0.584247 0.546477 0.557123 0.574985 0.535453 0.554367 0.562577 0.525859
0 0.607740 0.569218 0.580773 0.597378 0.559170 0.576691 0.586137 0.548530
0 0.631199 0.592176 0.604495 0.619882 0.582959 0.599125 0.609663 0.571419
0 0.654621 0.615351 0.628291 0.642495 0.606821 0.621669 0.633151 0.594525
0 0.677261 0.638022 0.651426 0.664492 0.630021 0.643601 0.655856 0.617130
0 0.700596 0.661636 0.675381 0.687309 0.654041 0.666350 0.679256 0.640677
0 0.723138 0.684744 0.698685 0.709491 0.677408 0.688468 0.701861 0.663721
0 0.745617 0.708080 0.722085 0.731753 0.700872 0.710666 0.724404 0.686993
0 0.768022 0.731655 0.745595 0.754082 0.724445 0.732932 0.746872 0.710505
0 0.790331 0.755488 0.769235 0.776460 0.748147 0.755247 0.769243 0.734275
0 0.812509 0.779611 0.793039 0.798853 0.772014 0.777579 0.791484 0.758337
0 0.837940 0.800699 0.813625 0.824589 0.792662 0.803253 0.816977 0.779363
0 0.858413 0.825336 0.837717 0.845557 0.816814 0.824162 0.837510 0.803942
2 0.879636 0.850874 0.862579 0.867445 0.841737 0.845990 0.858795 0.829420
