1 0.193293 0.210279 0.168401 0.223705 0.160425 0.208918 0.185317 0.195492
0 0.204245 0.224773 0.174896 0.240931 0.166793 0.226213 0.196143 0.210056
0 0.215869 0.240106 0.182132 0.259119 0.173884 0.244482 0.207620 0.225470
0 0.218489 0.257863 0.196363 0.270612 0.187975 0.256055 0.210101 0.243306
0 0.228517 0.272586 0.204556 0.286748 0.196008 0.272285 0.219968 0.258123
0 0.239016 0.287987 0.213568 0.303471 0.204835 0.289118 0.230283 0.273634
0 0.249203 0.302639 0.222523 0.319374 0.213595 0.305142 0.240275 0.288407
0 0.259105 0.316550 0.231403 0.334489 0.222271 0.320387 0.249973 0.302448
0 0.269492 0.330825 0.240974 0.349977 0.231607 0.336029 0.260126 0.316878
0 0.280330 0.345280 0.251192 0.365673 0.241559 0.351909 0.270697 0.331516
0 0.290868 0.358778 0.261276 0.380415 0.251359 0.366853 0.280952 0.345216
0 0.302509 0.373108 0.272695 0.396097 0.262436 0.382793 0.292250 0.359804
0 0.313803 0.386261 0.283945 0.410631 0.273322 0.397615 0.303180 0.373246
0 0.325421 0.399013 0.295747 0.424849 0.284715 0.412178 0.314389 0.386342
0 0.337317 0.411195 0.308082 0.438595 0.296593 0.426337 0.325828 0.398936
0 0.350062 0.423224 0.321621 0.452356 0.309600 0.440620 0.338041 0.411488
0 0.362956 0.434232 0.335652 0.465200 0.323050 0.454089 0.350354 0.423121
0 0.376530 0.444524 0.350834 0.477479 0.337585 0.467148 0.363281 0.434194
0 0.390137 0.453458 0.366484 0.488435 0.352567 0.479023 0.376220 0.444047
0 0.404294 0.461289 0.383231 0.498308 0.368629 0.490000 0.389692 0.452980
0 0.419484 0.468069 0.401645 0.507082 0.386366 0.500096 0.404205 0.461083
0 0.434707 0.473278 0.420354 0.513961 0.404510 0.508372 0.418864 0.467688
0 0.450140 0.477137 0.439266 0.519072 0.423003 0.514855 0.433878 0.472920
0 0.466518 0.479967 0.458887 0.522735 0.442348 0.519784 0.449978 0.477016
0 0.483116 0.481876 0.477984 0.525075 0.461301 0.523093 0.466433 0.479894
0 0.500166 0.483242 0.496621 0.526600 0.479876 0.525231 0.483422 0.481873
0 0.517840 0.484441 0.514905 0.527784 0.498143 0.526650 0.501078 0.483306
0 0.536259 0.485862 0.532973 0.529060 0.516221 0.527786 0.519507 0.484588
0 0.554908 0.487844 0.550432 0.530752 0.533723 0.529009 0.538198 0.486101
0 0.573134 0.490594 0.566889 0.533036 0.550268 0.530590 0.556512 0.488149
0 0.592089 0.494528 0.583581 0.536263 0.567119 0.532907 0.575627 0.491172
0 0.611101 0.499750 0.600096 0.540514 0.583876 0.536135 0.594881 0.495371
0 0.629399 0.506109 0.615955 0.545676 0.600048 0.540271 0.613491 0.500704
0 0.646847 0.513468 0.631182 0.551667 0.615638 0.545292 0.631303 0.507093
0 0.664060 0.522003 0.646392 0.558684 0.631256 0.551393 0.648924 0.514713
0 0.680993 0.531660 0.661601 0.566722 0.646899 0.558591 0.666292 0.523529
0 0.696834 0.541856 0.676102 0.575295 0.661823 0.566442 0.682556 0.533003
0 0.712280 0.552870 0.690505 0.584669 0.676643 0.575177 0.698418 0.543377
0 0.727293 0.564590 0.704765 0.594754 0.691304 0.584701 0.713832 0.554537
0 0.741833 0.576897 0.718830 0.605442 0.705749 0.594900 0.728751 0.566355
0 0.755856 0.589660 0.732643 0.616606 0.719914 0.605640 0.743127 0.578695
0 0.769314 0.602745 0.746143 0.628107 0.733739 0.616775 0.756910 0.591413
0 0.782155 0.616012 0.759272 0.639795 0.747165 0.628146 0.770048 0.604364
0 0.794322 0.629323 0.771973 0.651513 0.760135 0.639591 0.782484 0.617401
0 0.806689 0.643540 0.785101 0.664066 0.773525 0.651891 0.795112 0.631365
0 0.818287 0.657645 0.797756 0.676436 0.786413 0.664043 0.806945 0.645252
0 0.829031 0.671512 0.809908 0.688435 0.798774 0.675854 0.817897 0.658930
0 0.845373 0.681437 0.816960 0.705787 0.806028 0.693030 0.834441 0.668680
0 0.855334 0.697827 0.830905 0.718127 0.820168 0.705206 0.844597 0.684906
2 0.864455 0.713592 0.844157 0.730009 0.833592 0.716946 0.853890 0.700529
